[array([ 0.03941283, -0.74797156,  0.12359017,  0.13769709, -0.47480771,
       -0.82979266,  0.91177605,  0.08542344, -0.33332348,  0.30452122,
       -0.27697122,  0.41532016, -0.97788441, -0.65550187,  0.538029  ,
        0.28484528,  0.11775279,  0.95994531, -0.4316931 ,  0.24559775,
        0.58541058,  0.3448929 ,  0.91781488,  0.13197829, -0.01801664,
       -0.98705053, -0.83672446, -0.48983838,  0.26844727, -0.69915505,
       -0.11335196, -0.80019243,  0.69504634,  0.16178078, -0.08454029,
       -0.15012529, -0.27252219, -0.15222743, -0.85347128,  0.55919896,
        0.20491549, -0.10449713,  0.11199834, -0.4107685 , -0.09773578,
        0.25627317,  0.30911244,  0.04788481,  0.6334739 ,  0.54570414,
        0.58608386, -0.42304901,  0.94974053, -0.65393798,  0.02352817,
       -0.79705373,  0.90022553,  0.54364309, -0.66945629, -0.90598298,
       -0.17072567,  0.3788677 , -0.49376511,  0.47896858,  0.24091696,
        0.64720947, -0.56550381, -0.15528601,  0.57092893,  0.61577392,
       -0.53123002,  0.09966601, -0.72786402,  0.6870407 ,  0.68103693,
       -0.89870817,  0.49019846,  0.33267168, -0.99296246,  0.37052199,
        0.28215648,  0.28688639, -0.69224176, -0.45429739, -0.09405096,
       -0.25960546, -0.40921158,  0.68314507,  0.83764635, -0.91424694,
        0.70191772,  0.83222041,  0.45358044,  0.97510383,  0.14055912,
       -0.49281066, -0.6199772 ,  0.29149223, -0.16132932,  0.42361843]), array([  1.13798932e-01,  -7.78789044e-01,   1.58664249e-01,
         2.03203697e-01,  -4.32100666e-01,  -8.00775603e-01,
         9.04180772e-01,   1.03890775e-01,  -2.91909001e-01,
         2.67006429e-01,  -3.09270988e-01,   3.68156034e-01,
        -1.00916553e+00,  -5.46490383e-01,   5.45592648e-01,
         3.80953706e-01,   5.20409793e-02,   1.04779348e+00,
        -4.67186135e-01,   2.54246119e-01,   6.35267721e-01,
         4.06758782e-01,   9.16180434e-01,   8.00162673e-02,
        -2.35528944e-03,  -1.01659848e+00,  -9.51467189e-01,
        -4.53228821e-01,   1.83859015e-01,  -7.41806076e-01,
        -1.29630109e-01,  -8.06800842e-01,   6.86408778e-01,
         1.36716327e-01,  -8.41583452e-02,  -1.74176793e-01,
        -1.92289432e-01,  -2.58299020e-01,  -9.12870410e-01,
         5.84495009e-01,   1.45013424e-01,  -5.01706940e-02,
         6.87883098e-02,  -4.04740530e-01,  -7.65497879e-02,
         3.11882956e-01,   2.32867433e-01,   2.28782277e-02,
         6.41703951e-01,   5.88979336e-01,   6.01292982e-01,
        -4.40365596e-01,   1.04944481e+00,  -6.48818945e-01,
        -8.77034258e-04,  -7.52618397e-01,   8.94666099e-01,
         5.18372636e-01,  -6.88330070e-01,  -9.03763153e-01,
        -1.45386963e-01,   4.62603774e-01,  -4.42068226e-01,
         4.81260959e-01,   2.55151146e-01,   5.99368593e-01,
        -5.04005073e-01,  -1.16867983e-01,   5.53336149e-01,
         5.55773731e-01,  -6.05198569e-01,   1.10718023e-01,
        -7.44932239e-01,   7.08551349e-01,   6.26395853e-01,
        -8.53047086e-01,   5.02249606e-01,   3.52870265e-01,
        -9.88655671e-01,   4.52874722e-01,   2.38983576e-01,
         2.72162161e-01,  -6.33236759e-01,  -3.92539985e-01,
        -8.49921203e-02,  -2.43215550e-01,  -4.18884881e-01,
         6.63147990e-01,   8.71481576e-01,  -8.56635318e-01,
         7.60716974e-01,   8.17104410e-01,   4.16082123e-01,
         9.72821489e-01,   1.18566562e-01,  -4.99316222e-01,
        -6.33552872e-01,   1.96335220e-01,  -2.50211362e-01,
         3.81595904e-01]), array([ 0.18818504, -0.80960653,  0.19373833,  0.26871031, -0.38939363,
       -0.77175854,  0.8965855 ,  0.12235811, -0.25049452,  0.22949164,
       -0.34157075,  0.32099191, -1.04044666, -0.4374789 ,  0.55315629,
        0.47706214, -0.01367083,  1.13564166, -0.50267917,  0.26289449,
        0.68512486,  0.46862466,  0.91454599,  0.02805424,  0.01330607,
       -1.04614642, -1.06620992, -0.41661926,  0.09927076, -0.7844571 ,
       -0.14590826, -0.81340926,  0.67777121,  0.11165187, -0.0837764 ,
       -0.1982283 , -0.11205667, -0.36437061, -0.97226954,  0.60979106,
        0.08511136,  0.00415574,  0.02557828, -0.39871256, -0.05536379,
        0.36749274,  0.15662243, -0.00212835,  0.649934  ,  0.63225453,
        0.61650211, -0.45768219,  1.14914908, -0.64369991, -0.02528224,
       -0.70818306,  0.88910667,  0.49310218, -0.70720385, -0.90154332,
       -0.12004825,  0.54633985, -0.39037134,  0.48355334,  0.26938534,
        0.55152772, -0.44250633, -0.07844996,  0.53574337,  0.49577354,
       -0.67916712,  0.12177004, -0.76200046,  0.730062  ,  0.57175477,
       -0.807386  ,  0.51430076,  0.37306885, -0.98434889,  0.53522745,
        0.19581067,  0.25743793, -0.57423176, -0.33078258, -0.07593328,
       -0.22682564, -0.42855818,  0.6431509 ,  0.90531681, -0.7990237 ,
        0.81951623,  0.80198841,  0.37858381,  0.97053914,  0.096574  ,
       -0.50582179, -0.64712855,  0.10117821, -0.3390934 ,  0.33957338]), array([ 0.26257114, -0.84042402,  0.2288124 ,  0.33421692, -0.34668659,
       -0.74274148,  0.88899022,  0.14082544, -0.20908004,  0.19197684,
       -0.37387051,  0.27382779, -1.07172779, -0.32846741,  0.56071994,
        0.57317057, -0.07938264,  1.22348983, -0.53817221,  0.27154286,
        0.734982  ,  0.53049055,  0.91291154, -0.02390779,  0.02896742,
       -1.07569436, -1.18095265, -0.38000971,  0.01468251, -0.82710813,
       -0.16218641, -0.82001767,  0.66913364,  0.08658741, -0.08339446,
       -0.22227981, -0.03182391, -0.4704422 , -1.03166868,  0.6350871 ,
        0.0252093 ,  0.05848218, -0.01763176, -0.39268459, -0.0341778 ,
        0.42310253,  0.08037743, -0.02713493,  0.65816404,  0.67552973,
        0.63171123, -0.47499877,  1.24885336, -0.63858087, -0.04968744,
       -0.66374773,  0.88354723,  0.46783173, -0.72607763, -0.89932349,
       -0.09470955,  0.63007593, -0.33867446,  0.48584572,  0.28361952,
        0.50368684, -0.38100759, -0.04003193,  0.51815058,  0.43577336,
       -0.75313566,  0.13282206, -0.77906868,  0.75157265,  0.51711369,
       -0.76172491,  0.52635191,  0.39326744, -0.9800421 ,  0.61758018,
        0.15263777,  0.2427137 , -0.51522675, -0.26902517, -0.06687445,
       -0.21043574, -0.43823149,  0.62315382,  0.93915204, -0.74141208,
        0.87831548,  0.78687241,  0.3410855 ,  0.9682568 ,  0.07458144,
       -0.51232735, -0.66070422,  0.00602121, -0.42797544,  0.29755085]), array([ 0.33695725, -0.8712415 ,  0.26388648,  0.39972353, -0.30397955,
       -0.71372442,  0.88139495,  0.15929277, -0.16766556,  0.15446205,
       -0.40617028,  0.22666367, -1.10300892, -0.21945593,  0.56828358,
        0.669279  , -0.14509445,  1.311338  , -0.57366525,  0.28019124,
        0.78483914,  0.59235643,  0.91127709, -0.07586981,  0.04462878,
       -1.1052423 , -1.29569539, -0.34340015, -0.06990574, -0.86975915,
       -0.17846455, -0.82662609,  0.66049608,  0.06152296, -0.08301252,
       -0.24633131,  0.04840885, -0.57651378, -1.09106781,  0.66038315,
       -0.03469276,  0.11280862, -0.06084179, -0.38665662, -0.0129918 ,
        0.47871231,  0.00413242, -0.05214151,  0.66639409,  0.71880493,
        0.64692036, -0.49231536,  1.34855763, -0.63346184, -0.07409265,
       -0.6193124 ,  0.8779878 ,  0.44256127, -0.74495142, -0.89710367,
       -0.06937084,  0.71381201, -0.28697757,  0.4881381 ,  0.29785371,
        0.45584597, -0.31950885, -0.00161391,  0.5005578 ,  0.37577317,
       -0.82710421,  0.14387408, -0.7961369 ,  0.77308331,  0.46247261,
       -0.71606382,  0.53840306,  0.41346603, -0.97573532,  0.69993291,
        0.10946486,  0.22798947, -0.45622175, -0.20726777, -0.05781561,
       -0.19404583, -0.44790479,  0.60315674,  0.97298727, -0.68380046,
        0.93711473,  0.7717564 ,  0.30358718,  0.96597445,  0.05258888,
       -0.51883291, -0.6742799 , -0.0891358 , -0.51685747,  0.25552832]), array([ 0.41134335, -0.90205899,  0.29896056,  0.46523014, -0.26127251,
       -0.68470736,  0.87379968,  0.1777601 , -0.12625107,  0.11694726,
       -0.43847004,  0.17949954, -1.13429005, -0.11044444,  0.57584723,
        0.76538743, -0.21080626,  1.39918617, -0.60915829,  0.28883961,
        0.83469628,  0.65422231,  0.90964264, -0.12783184,  0.06029013,
       -1.13479025, -1.41043812, -0.30679059, -0.154494  , -0.91241018,
       -0.1947427 , -0.8332345 ,  0.65185851,  0.0364585 , -0.08263058,
       -0.27038282,  0.12864161, -0.68258537, -1.15046695,  0.6856792 ,
       -0.09459482,  0.16713506, -0.10405182, -0.38062865,  0.00819419,
        0.53432209, -0.07211258, -0.07714809,  0.67462414,  0.76208013,
        0.66212949, -0.50963195,  1.44826191, -0.6283428 , -0.09849785,
       -0.57487707,  0.87242837,  0.41729082, -0.7638252 , -0.89488384,
       -0.04403213,  0.79754808, -0.23528069,  0.49043048,  0.3120879 ,
        0.40800509, -0.25801011,  0.03680412,  0.48296501,  0.31577298,
       -0.90107276,  0.15492609, -0.81320512,  0.79459396,  0.40783153,
       -0.67040273,  0.55045421,  0.43366461, -0.97142853,  0.78228564,
        0.06629196,  0.21326524, -0.39721674, -0.14551036, -0.04875678,
       -0.17765593, -0.45757809,  0.58315965,  1.0068225 , -0.62618885,
        0.99591399,  0.7566404 ,  0.26608887,  0.96369211,  0.03059632,
       -0.52533847, -0.68785557, -0.18429281, -0.60573951,  0.21350579]), array([  4.85729459e-01,  -9.32876478e-01,   3.34034637e-01,
         5.30736751e-01,  -2.18565467e-01,  -6.55690301e-01,
         8.66204402e-01,   1.96227432e-01,  -8.48365932e-02,
         7.94324646e-02,  -4.70769803e-01,   1.32335420e-01,
        -1.16557118e+00,  -1.43295832e-03,   5.83410869e-01,
         8.61495855e-01,  -2.76518071e-01,   1.48703435e+00,
        -6.44651323e-01,   2.97487981e-01,   8.84553419e-01,
         7.16088193e-01,   9.08008191e-01,  -1.79793869e-01,
         7.59514876e-02,  -1.16433819e+00,  -1.52518085e+00,
        -2.70181035e-01,  -2.39082248e-01,  -9.55061201e-01,
        -2.11020851e-01,  -8.39842915e-01,   6.43220940e-01,
         1.13940416e-02,  -8.22486325e-02,  -2.94434328e-01,
         2.08874368e-01,  -7.88656958e-01,  -1.20986608e+00,
         7.10975246e-01,  -1.54496884e-01,   2.21461499e-01,
        -1.47261854e-01,  -3.74600678e-01,   2.93801853e-02,
         5.89931879e-01,  -1.48357585e-01,  -1.02154673e-01,
         6.82854183e-01,   8.05355324e-01,   6.77338612e-01,
        -5.26948542e-01,   1.54796618e+00,  -6.23223763e-01,
        -1.22903056e-01,  -5.30441736e-01,   8.66868938e-01,
         3.92020365e-01,  -7.82698981e-01,  -8.92664007e-01,
        -1.86934200e-02,   8.81284160e-01,  -1.83583804e-01,
         4.92722864e-01,   3.26322092e-01,   3.60164213e-01,
        -1.96511365e-01,   7.52221423e-02,   4.65372230e-01,
         2.55772794e-01,  -9.75041303e-01,   1.65978113e-01,
        -8.30273339e-01,   8.16104610e-01,   3.53190455e-01,
        -6.24741644e-01,   5.62505356e-01,   4.53863201e-01,
        -9.67121744e-01,   8.64638372e-01,   2.31190506e-02,
         1.98541012e-01,  -3.38211741e-01,  -8.37529543e-02,
        -3.96979394e-02,  -1.61266019e-01,  -4.67251396e-01,
         5.63162566e-01,   1.04065773e+00,  -5.68577229e-01,
         1.05471324e+00,   7.41524399e-01,   2.28590558e-01,
         9.61409765e-01,   8.60375831e-03,  -5.31844037e-01,
        -7.01431245e-01,  -2.79449813e-01,  -6.94621549e-01,
         1.71483258e-01]), array([ 0.56011556, -0.96369396,  0.36910872,  0.59624336, -0.17585843,
       -0.62667324,  0.85860913,  0.21469476, -0.04342211,  0.04191767,
       -0.50306957,  0.0851713 , -1.19685231,  0.10757853,  0.59097451,
        0.95760429, -0.34222988,  1.57488252, -0.68014436,  0.30613635,
        0.93441056,  0.77795408,  0.90637374, -0.2317559 ,  0.09161284,
       -1.19388613, -1.63992359, -0.23357148, -0.3236705 , -0.99771223,
       -0.227299  , -0.84645133,  0.63458337, -0.01367042, -0.08186669,
       -0.31848584,  0.28910713, -0.89472855, -1.26926521,  0.73627129,
       -0.21439895,  0.27578794, -0.19047189, -0.36857271,  0.05056618,
        0.64554166, -0.22460259, -0.12716125,  0.69108423,  0.84863052,
        0.69254774, -0.54426513,  1.64767046, -0.61810473, -0.14730826,
       -0.4860064 ,  0.86130951,  0.36674991, -0.80157276, -0.89044418,
        0.00664529,  0.96502024, -0.13188692,  0.49501524,  0.34055628,
        0.31232334, -0.13501262,  0.11364017,  0.44777945,  0.19577261,
       -1.04900985,  0.17703013, -0.84734156,  0.83761526,  0.29854937,
       -0.57908056,  0.57455651,  0.47406179, -0.96281496,  0.9469911 ,
       -0.02005385,  0.18381678, -0.27920674, -0.02199555, -0.0306391 ,
       -0.14487611, -0.4769247 ,  0.54316548,  1.07449296, -0.51096561,
        1.11351249,  0.7264084 ,  0.19109225,  0.95912742, -0.0133888 ,
       -0.5383496 , -0.71500692, -0.37460682, -0.78350359,  0.12946073]), array([ 0.63450167, -0.99451145,  0.40418279,  0.66174997, -0.13315139,
       -0.59765618,  0.85101385,  0.23316209, -0.00200763,  0.00440288,
       -0.53536933,  0.03800717, -1.22813344,  0.21659001,  0.59853816,
        1.05371272, -0.40794169,  1.66273069, -0.7156374 ,  0.31478473,
        0.9842677 ,  0.83981996,  0.90473929, -0.28371792,  0.1072742 ,
       -1.22343408, -1.75466632, -0.19696192, -0.40825875, -1.04036325,
       -0.24357715, -0.85305974,  0.62594581, -0.03873487, -0.08148475,
       -0.34253734,  0.36933989, -1.00080013, -1.32866435,  0.76156734,
       -0.27430101,  0.33011438, -0.23368192, -0.36254474,  0.07175217,
        0.70115145, -0.30084759, -0.15216783,  0.69931428,  0.89190572,
        0.70775686, -0.56158172,  1.74737473, -0.61298569, -0.17171347,
       -0.44157107,  0.85575007,  0.34147946, -0.82044654, -0.88822435,
        0.031984  ,  1.04875631, -0.08019004,  0.49730763,  0.35479047,
        0.26448246, -0.07351388,  0.15205819,  0.43018666,  0.13577242,
       -1.1229784 ,  0.18808215, -0.86440978,  0.85912591,  0.2439083 ,
       -0.53341947,  0.58660766,  0.49426038, -0.95850817,  1.02934383,
       -0.06322676,  0.16909255, -0.22020173,  0.03976186, -0.02158027,
       -0.12848621, -0.486598  ,  0.5231684 ,  1.10832819, -0.45335399,
        1.17231175,  0.71129239,  0.15359393,  0.95684508, -0.03538136,
       -0.54485516, -0.72858259, -0.46976383, -0.87238562,  0.0874382 ])]
