[array([-0.21170463,  0.27805065, -0.62668743,  0.31112132,  0.94164414,
       -0.33378809,  0.51267283, -0.75003722,  0.64388458, -0.56295827,
       -0.45550784, -0.29116779, -0.48045029,  0.84869193,  0.75382706,
        0.30380044, -0.45270351,  0.39006193,  0.40714253,  0.58848068,
        0.94101562,  0.16747271,  0.82983603, -0.66568373,  0.82078361,
       -0.62983265,  0.43496581,  0.36825255, -0.660285  , -0.29707999,
       -0.81882759,  0.70908134,  0.96933262,  0.53713368,  0.56001827,
       -0.41565177, -0.96187667, -0.87018585,  0.19394608, -0.32794863,
       -0.07637313, -0.79914146, -0.41776484, -0.12113931,  0.15584619,
        0.51245896,  0.31192985, -0.79698491,  0.17931732, -0.68455631,
       -0.56842061, -0.80811636,  0.4805009 ,  0.05116198, -0.58920206,
       -0.91151063,  0.63367926, -0.92790567, -0.29818676,  0.38678491,
        0.77818105, -0.17677719, -0.69540318, -0.61424561, -0.29027693,
        0.97846423,  0.59225979, -0.50933167,  0.53484617, -0.06988208,
       -0.98237456,  0.41042476,  0.9980768 , -0.14451937,  0.50721464,
       -0.90683295,  0.06371331, -0.38511081, -0.64022459, -0.88610286,
        0.7032078 , -0.60707841, -0.14769138, -0.35615514,  0.57310464,
       -0.04138098,  0.42238082,  0.21463193, -0.96356364, -0.06615186,
        0.13554877,  0.81359385,  0.81604841,  0.92378192, -0.33946926,
       -0.36299387, -0.47349099, -0.63811554,  0.18191596, -0.25426737]),
array([ -1.49581923e-01,   3.40394664e-01,  -6.26953473e-01,
         2.68953835e-01,   9.39278123e-01,  -3.04870005e-01,
         5.04917920e-01,  -7.57477149e-01,   6.18334510e-01,
        -5.83186816e-01,  -4.78749776e-01,  -2.80371893e-01,
        -4.77679050e-01,   8.68563865e-01,   7.25808993e-01,
         3.11358739e-01,  -4.48017323e-01,   3.47891898e-01,
         3.64193623e-01,   6.19175445e-01,   9.47593381e-01,
         1.84977484e-01,   8.42115914e-01,  -6.13950043e-01,
         8.66571320e-01,  -6.31218079e-01,   4.76166182e-01,
         3.15625216e-01,  -7.04298729e-01,  -2.98502169e-01,
        -8.68501093e-01,   7.12921908e-01,   9.69443363e-01,
         4.81606463e-01,   6.13433863e-01,  -4.08489710e-01,
        -9.25776527e-01,  -8.79084623e-01,   2.51956318e-01,
        -2.83521287e-01,  -5.00288554e-02,  -8.74852685e-01,
        -4.35256139e-01,  -7.51136607e-02,   1.26487582e-01,
         4.91817151e-01,   3.37982595e-01,  -7.83547710e-01,
         1.72468668e-01,  -7.16833509e-01,  -5.83864027e-01,
        -8.12598428e-01,   5.52077161e-01,   3.71168703e-04,
        -6.19710318e-01,  -9.61135404e-01,   6.01597371e-01,
        -9.15211174e-01,  -3.34090947e-01,   3.64960043e-01,
         7.93488291e-01,  -2.44563601e-01,  -6.15765105e-01,
        -5.59866885e-01,  -2.78039030e-01,   9.59458367e-01,
         5.84837884e-01,  -5.56938588e-01,   5.50926651e-01,
        -6.36203402e-02,  -9.47164856e-01,   4.44689934e-01,
         1.04551945e+00,  -1.51878667e-01,   4.93020341e-01,
        -9.27870744e-01,   8.78186057e-02,  -4.07390256e-01,
        -6.53985756e-01,  -8.62843742e-01,   7.14395531e-01,
        -5.91320813e-01,  -1.94499407e-01,  -3.46955305e-01,
         6.25095966e-01,  -2.99013792e-02,   4.28186188e-01,
         2.10693197e-01,  -9.73348612e-01,  -4.95209068e-02,
         1.63507395e-01,   8.04738549e-01,   8.10526511e-01,
         9.89772833e-01,  -3.53452107e-01,  -3.30375374e-01,
        -4.49939936e-01,  -5.72658909e-01,   2.51074695e-01,
        -2.30357593e-01]),
array([-0.0874592 ,  0.40273866, -0.62721951,  0.22678635,  0.9369121 ,
       -0.27595193,  0.49716301, -0.76491708,  0.59278443, -0.60341538,
       -0.50199171, -0.26957599, -0.47490781,  0.88843579,  0.69779092,
        0.31891704, -0.44333113,  0.30572187,  0.32124471,  0.6498702 ,
        0.95417114,  0.20248225,  0.85439579, -0.56221636,  0.91235902,
       -0.6326035 ,  0.51736655,  0.2629979 , -0.74831247, -0.29992435,
       -0.91817458,  0.71676248,  0.96955411,  0.42607925,  0.66684944,
       -0.40132765, -0.88967638, -0.88798339,  0.30996655, -0.23909396,
       -0.0236846 , -0.9505639 , -0.45274743, -0.02908801,  0.09712898,
        0.47117534,  0.36403534, -0.77011051,  0.16562003, -0.74911071,
       -0.59930744, -0.81708049,  0.62365341, -0.05041963, -0.65021858,
       -1.01076016,  0.56951547, -0.90251666, -0.36999513,  0.34313517,
        0.80879553, -0.31235002, -0.53612704, -0.50548815, -0.26580113,
        0.94045251,  0.57741598, -0.60454551,  0.56700714, -0.05735859,
       -0.91195515,  0.4789551 ,  1.0929621 , -0.15923796,  0.47882604,
       -0.94890853,  0.11192392, -0.42966971, -0.66774692, -0.83958463,
        0.72558326, -0.57556321, -0.24130745, -0.33775546,  0.6770873 ,
       -0.01842178,  0.43399157,  0.20675447, -0.98313358, -0.03288996,
        0.19146601,  0.79588324,  0.80500461,  1.05576374, -0.36743495,
       -0.29775688, -0.42638888, -0.50720227,  0.32023341, -0.20644781]),
array([-0.02533649,  0.46508266, -0.62748555,  0.18461887,  0.93454608,
       -0.24703386,  0.4894081 , -0.772357  ,  0.56723436, -0.62364394,
       -0.52523365, -0.25878009, -0.47213656,  0.90830772,  0.66977286,
        0.32647535, -0.43864494,  0.26355185,  0.2782958 ,  0.68056495,
        0.9607489 ,  0.21998702,  0.86667566, -0.51048267,  0.95814672,
       -0.63398892,  0.55856692,  0.21037057, -0.7923262 , -0.30134654,
       -0.96784808,  0.72060305,  0.96966485,  0.37055204,  0.72026503,
       -0.39416559, -0.85357623, -0.89688216,  0.36797678, -0.19466662,
        0.00265967, -1.02627512, -0.47023872,  0.01693764,  0.06777037,
        0.45053353,  0.39008808, -0.7566733 ,  0.15877138, -0.78138791,
       -0.61475085, -0.82156255,  0.69522966, -0.10121044, -0.68072685,
       -1.06038493,  0.53743358, -0.88982215, -0.40589931,  0.3213103 ,
        0.82410276, -0.38013643, -0.45648897, -0.45110941, -0.25356323,
        0.92144665,  0.56999407, -0.65215243,  0.58308763, -0.05109685,
       -0.87674545,  0.51322027,  1.14040475, -0.16659725,  0.46463174,
       -0.96994632,  0.13602922, -0.45194917, -0.68150808, -0.81632551,
        0.73677099, -0.5598056 , -0.28811549, -0.32855562,  0.72907863,
       -0.00694219,  0.43979695,  0.20281574, -0.99291855, -0.01625901,
        0.21942463,  0.78702794,  0.7994827 ,  1.12175465, -0.3814178 ,
       -0.26513838, -0.40283783, -0.44174564,  0.38939213, -0.18253803]),
array([  3.67862167e-02,   5.27426664e-01,  -6.27751593e-01,
         1.42451385e-01,   9.32180053e-01,  -2.18115775e-01,
         4.81653180e-01,  -7.79796929e-01,   5.41684290e-01,
        -6.43872486e-01,  -5.48475586e-01,  -2.47984193e-01,
        -4.69365320e-01,   9.28179655e-01,   6.41754793e-01,
         3.34033649e-01,  -4.33958753e-01,   2.21381818e-01,
         2.35346893e-01,   7.11259715e-01,   9.67326661e-01,
         2.37491794e-01,   8.78955544e-01,  -4.58748983e-01,
         1.00393442e+00,  -6.35374339e-01,   5.99767302e-01,
         1.57743236e-01,  -8.36339939e-01,  -3.02768719e-01,
        -1.01752158e+00,   7.24443618e-01,   9.69775593e-01,
         3.15024823e-01,   7.73680623e-01,  -3.87003530e-01,
        -8.17476077e-01,  -9.05780933e-01,   4.25987008e-01,
        -1.50239277e-01,   2.90039346e-02,  -1.10198635e+00,
        -4.87730009e-01,   6.29632893e-02,   3.84117619e-02,
         4.29891721e-01,   4.16140825e-01,  -7.43236100e-01,
         1.51922728e-01,  -8.13665109e-01,  -6.30194267e-01,
        -8.26044618e-01,   7.66805921e-01,  -1.52001251e-01,
        -7.11235108e-01,  -1.11000969e+00,   5.05351681e-01,
        -8.77127644e-01,  -4.41803487e-01,   2.99485433e-01,
         8.39410001e-01,  -4.47922851e-01,  -3.76850895e-01,
        -3.96730685e-01,  -2.41325330e-01,   9.02440787e-01,
         5.62572164e-01,  -6.99759348e-01,   5.99168121e-01,
        -4.48351102e-02,  -8.41535736e-01,   5.47485454e-01,
         1.18784740e+00,  -1.73956547e-01,   4.50437441e-01,
        -9.90984114e-01,   1.60134526e-01,  -4.74228616e-01,
        -6.95269236e-01,  -7.93066402e-01,   7.47958711e-01,
        -5.44048003e-01,  -3.34923517e-01,  -3.19355785e-01,
         7.81069956e-01,   4.53741083e-03,   4.45602318e-01,
         1.98876997e-01,  -1.00270352e+00,   3.71943194e-04,
         2.47383245e-01,   7.78172639e-01,   7.93960801e-01,
         1.18774555e+00,  -3.95400647e-01,  -2.32519884e-01,
        -3.79286776e-01,  -3.76289009e-01,   4.58550865e-01,
        -1.58628243e-01]),
array([ 0.09890894,  0.58977066, -0.62801762,  0.1002839 ,  0.92981403,
       -0.1891977 ,  0.47389827, -0.78723686,  0.51613422, -0.66410105,
       -0.57171753, -0.23718829, -0.46659408,  0.94805158,  0.61373672,
        0.34159195, -0.42927256,  0.1792118 ,  0.19239798,  0.74195447,
        0.97390442,  0.25499656,  0.89123542, -0.40701529,  1.04972213,
       -0.63675977,  0.64096767,  0.10511592, -0.88035367, -0.3041909 ,
       -1.06719508,  0.72828419,  0.96988634,  0.25949761,  0.8270962 ,
       -0.37984148, -0.78137593, -0.9146797 ,  0.48399724, -0.10581194,
        0.0553482 , -1.17769757, -0.5052213 ,  0.10898894,  0.00905316,
        0.40924991,  0.44219357, -0.7297989 ,  0.14507408, -0.84594231,
       -0.64563768, -0.83052668,  0.83838217, -0.20279206, -0.74174337,
       -1.15963445,  0.47326979, -0.86443313, -0.47770768,  0.27766057,
        0.85471723, -0.51570926, -0.29721283, -0.34235194, -0.22908743,
        0.88343493,  0.55515026, -0.74736627,  0.61524861, -0.03857336,
       -0.80632604,  0.58175062,  1.23529005, -0.18131584,  0.43624315,
       -1.0120219 ,  0.18423983, -0.49650807, -0.70903041, -0.76980729,
        0.75914644, -0.5282904 , -0.38173156, -0.31015594,  0.8330613 ,
        0.01601701,  0.4514077 ,  0.19493827, -1.01248849,  0.01700289,
        0.27534186,  0.76931733,  0.78843889,  1.25373646, -0.4093835 ,
       -0.19990138, -0.35573573, -0.31083238,  0.52770958, -0.13471846]),
array([ 0.16103165,  0.65211467, -0.62828366,  0.05811642,  0.92744801,
       -0.16027963,  0.46614336, -0.79467679,  0.49058414, -0.68432961,
       -0.59495947, -0.2263924 , -0.46382283,  0.96792351,  0.58571865,
        0.34915026, -0.42458638,  0.13704177,  0.14944907,  0.77264922,
        0.98048217,  0.27250133,  0.90351529, -0.3552816 ,  1.09550983,
       -0.63814519,  0.68216804,  0.05248859, -0.92436741, -0.30561309,
       -1.11686857,  0.73212476,  0.96999708,  0.20397039,  0.88051179,
       -0.37267942, -0.74527578, -0.92357847,  0.54200748, -0.06138461,
        0.08169246, -1.25340879, -0.52271259,  0.15501459, -0.02030545,
        0.3886081 ,  0.46824631, -0.71636169,  0.13822544, -0.87821951,
       -0.66108109, -0.83500875,  0.90995843, -0.25358286, -0.77225164,
       -1.20925922,  0.4411879 , -0.85173862, -0.51361186,  0.2558357 ,
        0.87002447, -0.58349568, -0.21757476, -0.28797321, -0.21684954,
        0.86442906,  0.54772835, -0.79497319,  0.6313291 , -0.03231162,
       -0.77111633,  0.61601579,  1.28273271, -0.18867514,  0.42204885,
       -1.03305969,  0.20834514, -0.51878752, -0.72279157, -0.74654817,
        0.77033417, -0.51253279, -0.4285396 , -0.3009561 ,  0.88505263,
        0.02749661,  0.45721307,  0.19099954, -1.02227347,  0.03363384,
        0.30330048,  0.76046203,  0.78291699,  1.31972737, -0.42336635,
       -0.16728289, -0.33218468, -0.24537574,  0.59686831, -0.11080868]),
array([  2.23154367e-01,   7.14458674e-01,  -6.28549703e-01,
         1.59489348e-02,   9.25081983e-01,  -1.31361545e-01,
         4.58388450e-01,  -8.02116719e-01,   4.65034070e-01,
        -7.04558166e-01,  -6.18201396e-01,  -2.15596503e-01,
        -4.61051590e-01,   9.87795445e-01,   5.57700583e-01,
         3.56708559e-01,  -4.19900193e-01,   9.48717383e-02,
         1.06500163e-01,   8.03343985e-01,   9.87059931e-01,
         2.90006104e-01,   9.15795174e-01,  -3.03547913e-01,
         1.14129753e+00,  -6.39530609e-01,   7.23368412e-01,
        -1.38733715e-04,  -9.68381139e-01,  -3.07035269e-01,
        -1.16654207e+00,   7.35965328e-01,   9.70107823e-01,
         1.48443183e-01,   9.33927373e-01,  -3.65517360e-01,
        -7.09175627e-01,  -9.32477243e-01,   6.00017708e-01,
        -1.69572665e-02,   1.08036735e-01,  -1.32912001e+00,
        -5.40203879e-01,   2.01040239e-01,  -4.96640581e-02,
         3.67966301e-01,   4.94299065e-01,  -7.02924490e-01,
         1.31376788e-01,  -9.10496709e-01,  -6.76524507e-01,
        -8.39490808e-01,   9.81534681e-01,  -3.04373671e-01,
        -8.02759898e-01,  -1.25888398e+00,   4.09106001e-01,
        -8.39044124e-01,  -5.49516037e-01,   2.34010833e-01,
         8.85331701e-01,  -6.51282091e-01,  -1.37936695e-01,
        -2.33594485e-01,  -2.04611640e-01,   8.45423197e-01,
         5.40306444e-01,  -8.42580108e-01,   6.47409581e-01,
        -2.60498702e-02,  -7.35906626e-01,   6.50280974e-01,
         1.33017536e+00,  -1.96034427e-01,   4.07854551e-01,
        -1.05409748e+00,   2.32450436e-01,  -5.41066976e-01,
        -7.36552726e-01,  -7.23289062e-01,   7.81521901e-01,
        -4.96775193e-01,  -4.75347637e-01,  -2.91756265e-01,
         9.37043956e-01,   3.89762108e-02,   4.63018448e-01,
         1.87060807e-01,  -1.03205844e+00,   5.02647932e-02,
         3.31259105e-01,   7.51606719e-01,   7.77395081e-01,
         1.38571828e+00,  -4.37349187e-01,  -1.34664394e-01,
        -3.08633616e-01,  -1.79919109e-01,   6.66027035e-01,
        -8.68988930e-02]),
array([ 0.28527708,  0.77680267, -0.62881574, -0.02621855,  0.92271596,
       -0.10244347,  0.45063353, -0.80955664,  0.439484  , -0.72478672,
       -0.64144334, -0.2048006 , -0.45828035,  1.00766737,  0.52968252,
        0.36426686, -0.415214  ,  0.05270172,  0.06355125,  0.83403874,
        0.99363769,  0.30751087,  0.92807505, -0.25181422,  1.18708523,
       -0.64091603,  0.76456878, -0.05276606, -1.01239488, -0.30845746,
       -1.21621557,  0.7398059 ,  0.97021857,  0.09291596,  0.98734296,
       -0.3583553 , -0.67307548, -0.94137601,  0.65802794,  0.02747007,
        0.13438099, -1.40483123, -0.55769518,  0.24706589, -0.07902266,
        0.34732449,  0.5203518 , -0.68948729,  0.12452814, -0.94277391,
       -0.69196792, -0.84397288,  1.05311094, -0.35516448, -0.83326816,
       -1.30850875,  0.37702411, -0.82634961, -0.58542023,  0.21218596,
        0.90063894, -0.71906851, -0.05829863, -0.17921574, -0.19237374,
        0.82641734,  0.53288454, -0.89018704,  0.66349007, -0.01978813,
       -0.70069692,  0.68454614,  1.37761801, -0.20339372,  0.39366025,
       -1.07513527,  0.25655574, -0.56334643, -0.75031389, -0.70002994,
        0.79270963, -0.48101759, -0.52215567, -0.28255641,  0.98903529,
        0.05045581,  0.46882382,  0.18312207, -1.04184341,  0.06689575,
        0.35921772,  0.74275142,  0.77187318,  1.45170919, -0.45133204,
       -0.10204589, -0.28508257, -0.11446248,  0.73518576, -0.06298911]),
array([ 0.3473998 ,  0.83914667, -0.62908178, -0.06838603,  0.92034994,
       -0.0735254 ,  0.44287862, -0.81699657,  0.41393393, -0.74501528,
       -0.66468528, -0.1940047 , -0.4555091 ,  1.0275393 ,  0.50166445,
        0.37182517, -0.41052781,  0.01053169,  0.02060234,  0.86473349,
        1.00021545,  0.32501564,  0.94035493, -0.20008054,  1.23287294,
       -0.64230146,  0.80576916, -0.10539338, -1.05640861, -0.30987964,
       -1.26588907,  0.74364647,  0.97032931,  0.03738875,  1.04075855,
       -0.35119325, -0.63697533, -0.95027478,  0.71603817,  0.0718974 ,
        0.16072526, -1.48054245, -0.57518647,  0.29309154, -0.10838127,
        0.32668268,  0.54640454, -0.67605008,  0.11767949, -0.97505111,
       -0.70741133, -0.84845494,  1.12468719, -0.40595528, -0.86377642,
       -1.35813351,  0.34494221, -0.8136551 , -0.62132441,  0.19036109,
        0.91594617, -0.78685492,  0.02133944, -0.12483701, -0.18013584,
        0.80741148,  0.52546263, -0.93779396,  0.67957056, -0.01352639,
       -0.66548722,  0.71881131,  1.42506066, -0.21075302,  0.37946595,
       -1.09617306,  0.28066105, -0.58562588, -0.76407506, -0.67677083,
        0.80389736, -0.46525999, -0.56896371, -0.27335657,  1.04102662,
        0.0619354 ,  0.4746292 ,  0.17918334, -1.05162838,  0.0835267 ,
        0.38717634,  0.73389612,  0.76635127,  1.5177001 , -0.46531489,
       -0.0694274 , -0.26153152, -0.04900585,  0.80434448, -0.03907933]),
array([ 0.40952251,  0.90149068, -0.62934782, -0.11055352,  0.91798392,
       -0.04460732,  0.43512371, -0.8244365 ,  0.38838386, -0.76524384,
       -0.68792722, -0.1832088 , -0.45273786,  1.04741123,  0.47364638,
        0.37938347, -0.40584162, -0.03163834, -0.02234657,  0.89542825,
        1.00679321,  0.34252041,  0.9526348 , -0.14834685,  1.27866064,
       -0.64368688,  0.84696953, -0.15802071, -1.10042235, -0.31130182,
       -1.31556257,  0.74748704,  0.97044006, -0.01813847,  1.09417413,
       -0.34403119, -0.60087518, -0.95917355,  0.77404841,  0.11632474,
        0.18706952, -1.55625367, -0.59267776,  0.3391172 , -0.13773988,
        0.30604087,  0.57245729, -0.66261288,  0.11083084, -1.00732831,
       -0.72285475, -0.85293701,  1.19626345, -0.45674609, -0.89428469,
       -1.40775827,  0.31286032, -0.80096059, -0.65722859,  0.16853623,
        0.93125341, -0.85464134,  0.10097751, -0.07045827, -0.16789794,
        0.78840562,  0.51804072, -0.98540088,  0.69565105, -0.00726464,
       -0.63027751,  0.75307648,  1.47250331, -0.21811231,  0.36527165,
       -1.11721085,  0.30476635, -0.60790533, -0.77783622, -0.65351172,
        0.81508509, -0.44950238, -0.61577175, -0.26415673,  1.09301795,
        0.073415  ,  0.48043457,  0.17524461, -1.06141335,  0.10015765,
        0.41513496,  0.72504081,  0.76082937,  1.58369101, -0.47929774,
       -0.0368089 , -0.23798047,  0.01645079,  0.8735032 , -0.01516954]),
array([  4.71645217e-01,   9.63834684e-01,  -6.29613863e-01,
        -1.52720995e-01,   9.15617893e-01,  -1.56892352e-02,
         4.27368800e-01,  -8.31876429e-01,   3.62833780e-01,
        -7.85472386e-01,  -7.11169156e-01,  -1.72412903e-01,
        -4.49966620e-01,   1.06728316e+00,   4.45628313e-01,
         3.86941769e-01,  -4.01155433e-01,  -7.38083617e-02,
        -6.52954775e-02,   9.26123015e-01,   1.01337096e+00,
         3.60025184e-01,   9.64914684e-01,  -9.66131627e-02,
         1.32444834e+00,  -6.45072299e-01,   8.88169902e-01,
        -2.10648034e-01,  -1.14443608e+00,  -3.12724009e-01,
        -1.36523606e+00,   7.51327608e-01,   9.70550803e-01,
        -7.36656769e-02,   1.14758972e+00,  -3.36869130e-01,
        -5.64775037e-01,  -9.68072323e-01,   8.32058638e-01,
         1.60752083e-01,   2.13413795e-01,  -1.63196489e+00,
        -6.10169049e-01,   3.85142849e-01,  -1.67098478e-01,
         2.85399061e-01,   5.98510035e-01,  -6.49175680e-01,
         1.03982198e-01,  -1.03960551e+00,  -7.38298157e-01,
        -8.57419068e-01,   1.26783970e+00,  -5.07536901e-01,
        -9.24792948e-01,  -1.45738304e+00,   2.80778431e-01,
        -7.88266084e-01,  -6.93132767e-01,   1.46711363e-01,
         9.46560641e-01,  -9.22427751e-01,   1.80615585e-01,
        -1.60795447e-02,  -1.55660040e-01,   7.69399757e-01,
         5.10618814e-01,  -1.03300780e+00,   7.11731541e-01,
        -1.00290022e-03,  -5.95067806e-01,   7.87341664e-01,
         1.51994596e+00,  -2.25471607e-01,   3.51077351e-01,
        -1.13824864e+00,   3.28871656e-01,  -6.30184786e-01,
        -7.91597376e-01,  -6.30252602e-01,   8.26272821e-01,
        -4.33744783e-01,  -6.62579777e-01,  -2.54956895e-01,
         1.14500928e+00,   8.48946008e-02,   4.86239948e-01,
         1.71305877e-01,  -1.07119832e+00,   1.16788603e-01,
         4.43093585e-01,   7.16185509e-01,   7.55307471e-01,
         1.64968192e+00,  -4.93280587e-01,  -4.19040395e-03,
        -2.14429406e-01,   8.19074210e-02,   9.42661935e-01,
         8.74023699e-03]),
array([  4.71645217e-01,   9.63834684e-01,  -6.29613863e-01,
        -1.52720995e-01,   9.15617893e-01,  -1.56892352e-02,
         4.27368800e-01,  -8.31876429e-01,   3.62833780e-01,
        -7.85472386e-01,  -7.11169156e-01,  -1.72412903e-01,
        -4.49966620e-01,   1.06728316e+00,   4.45628313e-01,
         3.86941769e-01,  -4.01155433e-01,  -7.38083617e-02,
        -6.52954775e-02,   9.26123015e-01,   1.01337096e+00,
         3.60025184e-01,   9.64914684e-01,  -9.66131627e-02,
         1.32444834e+00,  -6.45072299e-01,   8.88169902e-01,
        -2.10648034e-01,  -1.14443608e+00,  -3.12724009e-01,
        -1.36523606e+00,   7.51327608e-01,   9.70550803e-01,
        -7.36656769e-02,   1.14758972e+00,  -3.36869130e-01,
        -5.64775037e-01,  -9.68072323e-01,   8.32058638e-01,
         1.60752083e-01,   2.13413795e-01,  -1.63196489e+00,
        -6.10169049e-01,   3.85142849e-01,  -1.67098478e-01,
         2.85399061e-01,   5.98510035e-01,  -6.49175680e-01,
         1.03982198e-01,  -1.03960551e+00,  -7.38298157e-01,
        -8.57419068e-01,   1.26783970e+00,  -5.07536901e-01,
        -9.24792948e-01,  -1.45738304e+00,   2.80778431e-01,
        -7.88266084e-01,  -6.93132767e-01,   1.46711363e-01,
         9.46560641e-01,  -9.22427751e-01,   1.80615585e-01,
        -1.60795447e-02,  -1.55660040e-01,   7.69399757e-01,
         5.10618814e-01,  -1.03300780e+00,   7.11731541e-01,
        -1.00290022e-03,  -5.95067806e-01,   7.87341664e-01,
         1.51994596e+00,  -2.25471607e-01,   3.51077351e-01,
        -1.13824864e+00,   3.28871656e-01,  -6.30184786e-01,
        -7.91597376e-01,  -6.30252602e-01,   8.26272821e-01,
        -4.33744783e-01,  -6.62579777e-01,  -2.54956895e-01,
         1.14500928e+00,   8.48946008e-02,   4.86239948e-01,
         1.71305877e-01,  -1.07119832e+00,   1.16788603e-01,
         4.43093585e-01,   7.16185509e-01,   7.55307471e-01,
         1.64968192e+00,  -4.93280587e-01,  -4.19040395e-03,
        -2.14429406e-01,   8.19074210e-02,   9.42661935e-01,
         8.74023699e-03]),
array([ 0.40952251,  0.90149068, -0.62934782, -0.11055352,  0.91798392,
       -0.04460732,  0.43512371, -0.8244365 ,  0.38838386, -0.76524384,
       -0.68792722, -0.1832088 , -0.45273786,  1.04741123,  0.47364638,
        0.37938347, -0.40584162, -0.03163834, -0.02234657,  0.89542825,
        1.00679321,  0.34252041,  0.9526348 , -0.14834685,  1.27866064,
       -0.64368688,  0.84696953, -0.15802071, -1.10042235, -0.31130182,
       -1.31556257,  0.74748704,  0.97044006, -0.01813847,  1.09417413,
       -0.34403119, -0.60087518, -0.95917355,  0.77404841,  0.11632474,
        0.18706952, -1.55625367, -0.59267776,  0.3391172 , -0.13773988,
        0.30604087,  0.57245729, -0.66261288,  0.11083084, -1.00732831,
       -0.72285475, -0.85293701,  1.19626345, -0.45674609, -0.89428469,
       -1.40775827,  0.31286032, -0.80096059, -0.65722859,  0.16853623,
        0.93125341, -0.85464134,  0.10097751, -0.07045827, -0.16789794,
        0.78840562,  0.51804072, -0.98540088,  0.69565105, -0.00726464,
       -0.63027751,  0.75307648,  1.47250331, -0.21811231,  0.36527165,
       -1.11721085,  0.30476635, -0.60790533, -0.77783622, -0.65351172,
        0.81508509, -0.44950238, -0.61577175, -0.26415673,  1.09301795,
        0.073415  ,  0.48043457,  0.17524461, -1.06141335,  0.10015765,
        0.41513496,  0.72504081,  0.76082937,  1.58369101, -0.47929774,
       -0.0368089 , -0.23798047,  0.01645079,  0.8735032 , -0.01516954]),
array([ 0.3473998 ,  0.83914667, -0.62908178, -0.06838603,  0.92034994,
       -0.0735254 ,  0.44287862, -0.81699657,  0.41393393, -0.74501528,
       -0.66468528, -0.1940047 , -0.4555091 ,  1.0275393 ,  0.50166445,
        0.37182517, -0.41052781,  0.01053169,  0.02060234,  0.86473349,
        1.00021545,  0.32501564,  0.94035493, -0.20008054,  1.23287294,
       -0.64230146,  0.80576916, -0.10539338, -1.05640861, -0.30987964,
       -1.26588907,  0.74364647,  0.97032931,  0.03738875,  1.04075855,
       -0.35119325, -0.63697533, -0.95027478,  0.71603817,  0.0718974 ,
        0.16072526, -1.48054245, -0.57518647,  0.29309154, -0.10838127,
        0.32668268,  0.54640454, -0.67605008,  0.11767949, -0.97505111,
       -0.70741133, -0.84845494,  1.12468719, -0.40595528, -0.86377642,
       -1.35813351,  0.34494221, -0.8136551 , -0.62132441,  0.19036109,
        0.91594617, -0.78685492,  0.02133944, -0.12483701, -0.18013584,
        0.80741148,  0.52546263, -0.93779396,  0.67957056, -0.01352639,
       -0.66548722,  0.71881131,  1.42506066, -0.21075302,  0.37946595,
       -1.09617306,  0.28066105, -0.58562588, -0.76407506, -0.67677083,
        0.80389736, -0.46525999, -0.56896371, -0.27335657,  1.04102662,
        0.0619354 ,  0.4746292 ,  0.17918334, -1.05162838,  0.0835267 ,
        0.38717634,  0.73389612,  0.76635127,  1.5177001 , -0.46531489,
       -0.0694274 , -0.26153152, -0.04900585,  0.80434448, -0.03907933]),
array([ 0.28527708,  0.77680267, -0.62881574, -0.02621855,  0.92271596,
       -0.10244347,  0.45063353, -0.80955664,  0.439484  , -0.72478672,
       -0.64144334, -0.2048006 , -0.45828035,  1.00766737,  0.52968252,
        0.36426686, -0.415214  ,  0.05270172,  0.06355125,  0.83403874,
        0.99363769,  0.30751087,  0.92807505, -0.25181422,  1.18708523,
       -0.64091603,  0.76456878, -0.05276606, -1.01239488, -0.30845746,
       -1.21621557,  0.7398059 ,  0.97021857,  0.09291596,  0.98734296,
       -0.3583553 , -0.67307548, -0.94137601,  0.65802794,  0.02747007,
        0.13438099, -1.40483123, -0.55769518,  0.24706589, -0.07902266,
        0.34732449,  0.5203518 , -0.68948729,  0.12452814, -0.94277391,
       -0.69196792, -0.84397288,  1.05311094, -0.35516448, -0.83326816,
       -1.30850875,  0.37702411, -0.82634961, -0.58542023,  0.21218596,
        0.90063894, -0.71906851, -0.05829863, -0.17921574, -0.19237374,
        0.82641734,  0.53288454, -0.89018704,  0.66349007, -0.01978813,
       -0.70069692,  0.68454614,  1.37761801, -0.20339372,  0.39366025,
       -1.07513527,  0.25655574, -0.56334643, -0.75031389, -0.70002994,
        0.79270963, -0.48101759, -0.52215567, -0.28255641,  0.98903529,
        0.05045581,  0.46882382,  0.18312207, -1.04184341,  0.06689575,
        0.35921772,  0.74275142,  0.77187318,  1.45170919, -0.45133204,
       -0.10204589, -0.28508257, -0.11446248,  0.73518576, -0.06298911]),
array([  2.23154367e-01,   7.14458674e-01,  -6.28549703e-01,
         1.59489348e-02,   9.25081983e-01,  -1.31361545e-01,
         4.58388450e-01,  -8.02116719e-01,   4.65034070e-01,
        -7.04558166e-01,  -6.18201396e-01,  -2.15596503e-01,
        -4.61051590e-01,   9.87795445e-01,   5.57700583e-01,
         3.56708559e-01,  -4.19900193e-01,   9.48717383e-02,
         1.06500163e-01,   8.03343985e-01,   9.87059931e-01,
         2.90006104e-01,   9.15795174e-01,  -3.03547913e-01,
         1.14129753e+00,  -6.39530609e-01,   7.23368412e-01,
        -1.38733715e-04,  -9.68381139e-01,  -3.07035269e-01,
        -1.16654207e+00,   7.35965328e-01,   9.70107823e-01,
         1.48443183e-01,   9.33927373e-01,  -3.65517360e-01,
        -7.09175627e-01,  -9.32477243e-01,   6.00017708e-01,
        -1.69572665e-02,   1.08036735e-01,  -1.32912001e+00,
        -5.40203879e-01,   2.01040239e-01,  -4.96640581e-02,
         3.67966301e-01,   4.94299065e-01,  -7.02924490e-01,
         1.31376788e-01,  -9.10496709e-01,  -6.76524507e-01,
        -8.39490808e-01,   9.81534681e-01,  -3.04373671e-01,
        -8.02759898e-01,  -1.25888398e+00,   4.09106001e-01,
        -8.39044124e-01,  -5.49516037e-01,   2.34010833e-01,
         8.85331701e-01,  -6.51282091e-01,  -1.37936695e-01,
        -2.33594485e-01,  -2.04611640e-01,   8.45423197e-01,
         5.40306444e-01,  -8.42580108e-01,   6.47409581e-01,
        -2.60498702e-02,  -7.35906626e-01,   6.50280974e-01,
         1.33017536e+00,  -1.96034427e-01,   4.07854551e-01,
        -1.05409748e+00,   2.32450436e-01,  -5.41066976e-01,
        -7.36552726e-01,  -7.23289062e-01,   7.81521901e-01,
        -4.96775193e-01,  -4.75347637e-01,  -2.91756265e-01,
         9.37043956e-01,   3.89762108e-02,   4.63018448e-01,
         1.87060807e-01,  -1.03205844e+00,   5.02647932e-02,
         3.31259105e-01,   7.51606719e-01,   7.77395081e-01,
         1.38571828e+00,  -4.37349187e-01,  -1.34664394e-01,
        -3.08633616e-01,  -1.79919109e-01,   6.66027035e-01,
        -8.68988930e-02]),
array([ 0.16103165,  0.65211467, -0.62828366,  0.05811642,  0.92744801,
       -0.16027963,  0.46614336, -0.79467679,  0.49058414, -0.68432961,
       -0.59495947, -0.2263924 , -0.46382283,  0.96792351,  0.58571865,
        0.34915026, -0.42458638,  0.13704177,  0.14944907,  0.77264922,
        0.98048217,  0.27250133,  0.90351529, -0.3552816 ,  1.09550983,
       -0.63814519,  0.68216804,  0.05248859, -0.92436741, -0.30561309,
       -1.11686857,  0.73212476,  0.96999708,  0.20397039,  0.88051179,
       -0.37267942, -0.74527578, -0.92357847,  0.54200748, -0.06138461,
        0.08169246, -1.25340879, -0.52271259,  0.15501459, -0.02030545,
        0.3886081 ,  0.46824631, -0.71636169,  0.13822544, -0.87821951,
       -0.66108109, -0.83500875,  0.90995843, -0.25358286, -0.77225164,
       -1.20925922,  0.4411879 , -0.85173862, -0.51361186,  0.2558357 ,
        0.87002447, -0.58349568, -0.21757476, -0.28797321, -0.21684954,
        0.86442906,  0.54772835, -0.79497319,  0.6313291 , -0.03231162,
       -0.77111633,  0.61601579,  1.28273271, -0.18867514,  0.42204885,
       -1.03305969,  0.20834514, -0.51878752, -0.72279157, -0.74654817,
        0.77033417, -0.51253279, -0.4285396 , -0.3009561 ,  0.88505263,
        0.02749661,  0.45721307,  0.19099954, -1.02227347,  0.03363384,
        0.30330048,  0.76046203,  0.78291699,  1.31972737, -0.42336635,
       -0.16728289, -0.33218468, -0.24537574,  0.59686831, -0.11080868]),
array([ 0.09890894,  0.58977066, -0.62801762,  0.1002839 ,  0.92981403,
       -0.1891977 ,  0.47389827, -0.78723686,  0.51613422, -0.66410105,
       -0.57171753, -0.23718829, -0.46659408,  0.94805158,  0.61373672,
        0.34159195, -0.42927256,  0.1792118 ,  0.19239798,  0.74195447,
        0.97390442,  0.25499656,  0.89123542, -0.40701529,  1.04972213,
       -0.63675977,  0.64096767,  0.10511592, -0.88035367, -0.3041909 ,
       -1.06719508,  0.72828419,  0.96988634,  0.25949761,  0.8270962 ,
       -0.37984148, -0.78137593, -0.9146797 ,  0.48399724, -0.10581194,
        0.0553482 , -1.17769757, -0.5052213 ,  0.10898894,  0.00905316,
        0.40924991,  0.44219357, -0.7297989 ,  0.14507408, -0.84594231,
       -0.64563768, -0.83052668,  0.83838217, -0.20279206, -0.74174337,
       -1.15963445,  0.47326979, -0.86443313, -0.47770768,  0.27766057,
        0.85471723, -0.51570926, -0.29721283, -0.34235194, -0.22908743,
        0.88343493,  0.55515026, -0.74736627,  0.61524861, -0.03857336,
       -0.80632604,  0.58175062,  1.23529005, -0.18131584,  0.43624315,
       -1.0120219 ,  0.18423983, -0.49650807, -0.70903041, -0.76980729,
        0.75914644, -0.5282904 , -0.38173156, -0.31015594,  0.8330613 ,
        0.01601701,  0.4514077 ,  0.19493827, -1.01248849,  0.01700289,
        0.27534186,  0.76931733,  0.78843889,  1.25373646, -0.4093835 ,
       -0.19990138, -0.35573573, -0.31083238,  0.52770958, -0.13471846]),
array([  3.67862167e-02,   5.27426664e-01,  -6.27751593e-01,
         1.42451385e-01,   9.32180053e-01,  -2.18115775e-01,
         4.81653180e-01,  -7.79796929e-01,   5.41684290e-01,
        -6.43872486e-01,  -5.48475586e-01,  -2.47984193e-01,
        -4.69365320e-01,   9.28179655e-01,   6.41754793e-01,
         3.34033649e-01,  -4.33958753e-01,   2.21381818e-01,
         2.35346893e-01,   7.11259715e-01,   9.67326661e-01,
         2.37491794e-01,   8.78955544e-01,  -4.58748983e-01,
         1.00393442e+00,  -6.35374339e-01,   5.99767302e-01,
         1.57743236e-01,  -8.36339939e-01,  -3.02768719e-01,
        -1.01752158e+00,   7.24443618e-01,   9.69775593e-01,
         3.15024823e-01,   7.73680623e-01,  -3.87003530e-01,
        -8.17476077e-01,  -9.05780933e-01,   4.25987008e-01,
        -1.50239277e-01,   2.90039346e-02,  -1.10198635e+00,
        -4.87730009e-01,   6.29632893e-02,   3.84117619e-02,
         4.29891721e-01,   4.16140825e-01,  -7.43236100e-01,
         1.51922728e-01,  -8.13665109e-01,  -6.30194267e-01,
        -8.26044618e-01,   7.66805921e-01,  -1.52001251e-01,
        -7.11235108e-01,  -1.11000969e+00,   5.05351681e-01,
        -8.77127644e-01,  -4.41803487e-01,   2.99485433e-01,
         8.39410001e-01,  -4.47922851e-01,  -3.76850895e-01,
        -3.96730685e-01,  -2.41325330e-01,   9.02440787e-01,
         5.62572164e-01,  -6.99759348e-01,   5.99168121e-01,
        -4.48351102e-02,  -8.41535736e-01,   5.47485454e-01,
         1.18784740e+00,  -1.73956547e-01,   4.50437441e-01,
        -9.90984114e-01,   1.60134526e-01,  -4.74228616e-01,
        -6.95269236e-01,  -7.93066402e-01,   7.47958711e-01,
        -5.44048003e-01,  -3.34923517e-01,  -3.19355785e-01,
         7.81069956e-01,   4.53741083e-03,   4.45602318e-01,
         1.98876997e-01,  -1.00270352e+00,   3.71943194e-04,
         2.47383245e-01,   7.78172639e-01,   7.93960801e-01,
         1.18774555e+00,  -3.95400647e-01,  -2.32519884e-01,
        -3.79286776e-01,  -3.76289009e-01,   4.58550865e-01,
        -1.58628243e-01]),
array([-0.02533649,  0.46508266, -0.62748555,  0.18461887,  0.93454608,
       -0.24703386,  0.4894081 , -0.772357  ,  0.56723436, -0.62364394,
       -0.52523365, -0.25878009, -0.47213656,  0.90830772,  0.66977286,
        0.32647535, -0.43864494,  0.26355185,  0.2782958 ,  0.68056495,
        0.9607489 ,  0.21998702,  0.86667566, -0.51048267,  0.95814672,
       -0.63398892,  0.55856692,  0.21037057, -0.7923262 , -0.30134654,
       -0.96784808,  0.72060305,  0.96966485,  0.37055204,  0.72026503,
       -0.39416559, -0.85357623, -0.89688216,  0.36797678, -0.19466662,
        0.00265967, -1.02627512, -0.47023872,  0.01693764,  0.06777037,
        0.45053353,  0.39008808, -0.7566733 ,  0.15877138, -0.78138791,
       -0.61475085, -0.82156255,  0.69522966, -0.10121044, -0.68072685,
       -1.06038493,  0.53743358, -0.88982215, -0.40589931,  0.3213103 ,
        0.82410276, -0.38013643, -0.45648897, -0.45110941, -0.25356323,
        0.92144665,  0.56999407, -0.65215243,  0.58308763, -0.05109685,
       -0.87674545,  0.51322027,  1.14040475, -0.16659725,  0.46463174,
       -0.96994632,  0.13602922, -0.45194917, -0.68150808, -0.81632551,
        0.73677099, -0.5598056 , -0.28811549, -0.32855562,  0.72907863,
       -0.00694219,  0.43979695,  0.20281574, -0.99291855, -0.01625901,
        0.21942463,  0.78702794,  0.7994827 ,  1.12175465, -0.3814178 ,
       -0.26513838, -0.40283783, -0.44174564,  0.38939213, -0.18253803]),
array([-0.0874592 ,  0.40273866, -0.62721951,  0.22678635,  0.9369121 ,
       -0.27595193,  0.49716301, -0.76491708,  0.59278443, -0.60341538,
       -0.50199171, -0.26957599, -0.47490781,  0.88843579,  0.69779092,
        0.31891704, -0.44333113,  0.30572187,  0.32124471,  0.6498702 ,
        0.95417114,  0.20248225,  0.85439579, -0.56221636,  0.91235902,
       -0.6326035 ,  0.51736655,  0.2629979 , -0.74831247, -0.29992435,
       -0.91817458,  0.71676248,  0.96955411,  0.42607925,  0.66684944,
       -0.40132765, -0.88967638, -0.88798339,  0.30996655, -0.23909396,
       -0.0236846 , -0.9505639 , -0.45274743, -0.02908801,  0.09712898,
        0.47117534,  0.36403534, -0.77011051,  0.16562003, -0.74911071,
       -0.59930744, -0.81708049,  0.62365341, -0.05041963, -0.65021858,
       -1.01076016,  0.56951547, -0.90251666, -0.36999513,  0.34313517,
        0.80879553, -0.31235002, -0.53612704, -0.50548815, -0.26580113,
        0.94045251,  0.57741598, -0.60454551,  0.56700714, -0.05735859,
       -0.91195515,  0.4789551 ,  1.0929621 , -0.15923796,  0.47882604,
       -0.94890853,  0.11192392, -0.42966971, -0.66774692, -0.83958463,
        0.72558326, -0.57556321, -0.24130745, -0.33775546,  0.6770873 ,
       -0.01842178,  0.43399157,  0.20675447, -0.98313358, -0.03288996,
        0.19146601,  0.79588324,  0.80500461,  1.05576374, -0.36743495,
       -0.29775688, -0.42638888, -0.50720227,  0.32023341, -0.20644781]),
array([ -1.49581923e-01,   3.40394664e-01,  -6.26953473e-01,
         2.68953835e-01,   9.39278123e-01,  -3.04870005e-01,
         5.04917920e-01,  -7.57477149e-01,   6.18334510e-01,
        -5.83186816e-01,  -4.78749776e-01,  -2.80371893e-01,
        -4.77679050e-01,   8.68563865e-01,   7.25808993e-01,
         3.11358739e-01,  -4.48017323e-01,   3.47891898e-01,
         3.64193623e-01,   6.19175445e-01,   9.47593381e-01,
         1.84977484e-01,   8.42115914e-01,  -6.13950043e-01,
         8.66571320e-01,  -6.31218079e-01,   4.76166182e-01,
         3.15625216e-01,  -7.04298729e-01,  -2.98502169e-01,
        -8.68501093e-01,   7.12921908e-01,   9.69443363e-01,
         4.81606463e-01,   6.13433863e-01,  -4.08489710e-01,
        -9.25776527e-01,  -8.79084623e-01,   2.51956318e-01,
        -2.83521287e-01,  -5.00288554e-02,  -8.74852685e-01,
        -4.35256139e-01,  -7.51136607e-02,   1.26487582e-01,
         4.91817151e-01,   3.37982595e-01,  -7.83547710e-01,
         1.72468668e-01,  -7.16833509e-01,  -5.83864027e-01,
        -8.12598428e-01,   5.52077161e-01,   3.71168703e-04,
        -6.19710318e-01,  -9.61135404e-01,   6.01597371e-01,
        -9.15211174e-01,  -3.34090947e-01,   3.64960043e-01,
         7.93488291e-01,  -2.44563601e-01,  -6.15765105e-01,
        -5.59866885e-01,  -2.78039030e-01,   9.59458367e-01,
         5.84837884e-01,  -5.56938588e-01,   5.50926651e-01,
        -6.36203402e-02,  -9.47164856e-01,   4.44689934e-01,
         1.04551945e+00,  -1.51878667e-01,   4.93020341e-01,
        -9.27870744e-01,   8.78186057e-02,  -4.07390256e-01,
        -6.53985756e-01,  -8.62843742e-01,   7.14395531e-01,
        -5.91320813e-01,  -1.94499407e-01,  -3.46955305e-01,
         6.25095966e-01,  -2.99013792e-02,   4.28186188e-01,
         2.10693197e-01,  -9.73348612e-01,  -4.95209068e-02,
         1.63507395e-01,   8.04738549e-01,   8.10526511e-01,
         9.89772833e-01,  -3.53452107e-01,  -3.30375374e-01,
        -4.49939936e-01,  -5.72658909e-01,   2.51074695e-01,
        -2.30357593e-01]),
array([-0.21170463,  0.27805065, -0.62668743,  0.31112132,  0.94164414,
       -0.33378809,  0.51267283, -0.75003722,  0.64388458, -0.56295827,
       -0.45550784, -0.29116779, -0.48045029,  0.84869193,  0.75382706,
        0.30380044, -0.45270351,  0.39006193,  0.40714253,  0.58848068,
        0.94101562,  0.16747271,  0.82983603, -0.66568373,  0.82078361,
       -0.62983265,  0.43496581,  0.36825255, -0.660285  , -0.29707999,
       -0.81882759,  0.70908134,  0.96933262,  0.53713368,  0.56001827,
       -0.41565177, -0.96187667, -0.87018585,  0.19394608, -0.32794863,
       -0.07637313, -0.79914146, -0.41776484, -0.12113931,  0.15584619,
        0.51245896,  0.31192985, -0.79698491,  0.17931732, -0.68455631,
       -0.56842061, -0.80811636,  0.4805009 ,  0.05116198, -0.58920206,
       -0.91151063,  0.63367926, -0.92790567, -0.29818676,  0.38678491,
        0.77818105, -0.17677719, -0.69540318, -0.61424561, -0.29027693,
        0.97846423,  0.59225979, -0.50933167,  0.53484617, -0.06988208,
       -0.98237456,  0.41042476,  0.9980768 , -0.14451937,  0.50721464,
       -0.90683295,  0.06371331, -0.38511081, -0.64022459, -0.88610286,
        0.7032078 , -0.60707841, -0.14769138, -0.35615514,  0.57310464,
       -0.04138098,  0.42238082,  0.21463193, -0.96356364, -0.06615186,
        0.13554877,  0.81359385,  0.81604841,  0.92378192, -0.33946926,
       -0.36299387, -0.47349099, -0.63811554,  0.18191596, -0.25426737]),
array([-0.27382734,  0.21570665, -0.62642139,  0.3532888 ,  0.94401017,
       -0.36270616,  0.52042774, -0.74259729,  0.66943465, -0.54272972,
       -0.43226591, -0.30196369, -0.48322153,  0.82882   ,  0.78184513,
        0.29624213, -0.45738969,  0.43223195,  0.45009144,  0.55778593,
        0.93443787,  0.14996794,  0.81755615, -0.71741742,  0.77499591,
       -0.62844723,  0.39376543,  0.42087988, -0.61627127, -0.2956578 ,
       -0.76915409,  0.70524077,  0.96922188,  0.5926609 ,  0.50660269,
       -0.42281383, -0.99797682, -0.86128708,  0.13593585, -0.37237597,
       -0.10271739, -0.72343023, -0.40027355, -0.16716496,  0.1852048 ,
        0.53310077,  0.28587711, -0.81042212,  0.18616597, -0.65227911,
       -0.55297719, -0.8036343 ,  0.40892464,  0.10195278, -0.5586938 ,
       -0.86188587,  0.66576115, -0.94060018, -0.26228257,  0.40860978,
        0.76287381, -0.10899077, -0.77504125, -0.66862435, -0.30251483,
        0.99747009,  0.5996817 , -0.46172475,  0.51876568, -0.07614382,
       -1.01758427,  0.37615959,  0.95063415, -0.13716008,  0.52140894,
       -0.88579516,  0.039608  , -0.36283136, -0.62646343, -0.90936198,
        0.69202007, -0.62283601, -0.10088334, -0.36535498,  0.52111331,
       -0.05286058,  0.41657544,  0.21857066, -0.95377867, -0.08278281,
        0.10759015,  0.82244915,  0.82157032,  0.85779101, -0.32548641,
       -0.39561237, -0.49704204, -0.70357218,  0.11275724, -0.27817715]),
array([-0.33595006,  0.15336265, -0.62615535,  0.39545628,  0.94637619,
       -0.39162424,  0.52818266, -0.73515737,  0.69498472, -0.52250116,
       -0.40902397, -0.31275959, -0.48599277,  0.80894807,  0.8098632 ,
        0.28868383, -0.46207588,  0.47440198,  0.49304035,  0.52709117,
        0.92786011,  0.13246317,  0.80527627, -0.76915111,  0.72920821,
       -0.62706181,  0.35256506,  0.4735072 , -0.57225753, -0.29423562,
       -0.7194806 ,  0.7014002 ,  0.96911113,  0.64818811,  0.4531871 ,
       -0.42997589, -1.03407697, -0.85238831,  0.07792562, -0.41680331,
       -0.12906166, -0.64771901, -0.38278225, -0.21319061,  0.21456341,
        0.55374258,  0.25982437, -0.82385932,  0.19301462, -0.62000191,
       -0.53753378, -0.79915223,  0.33734839,  0.15274359, -0.52818554,
       -0.8122611 ,  0.69784305, -0.95329469, -0.22637839,  0.43043465,
        0.74756658, -0.04120436, -0.85467932, -0.72300308, -0.31475273,
        1.01647595,  0.6071036 , -0.41411783,  0.5026852 , -0.08240556,
       -1.05279397,  0.34189442,  0.9031915 , -0.12980079,  0.53560324,
       -0.86475737,  0.0155027 , -0.34055191, -0.61270227, -0.93262109,
        0.68083234, -0.63859361, -0.05407531, -0.37455482,  0.46912198,
       -0.06434018,  0.41077006,  0.2225094 , -0.9439937 , -0.09941376,
        0.07963153,  0.83130445,  0.82709222,  0.7918001 , -0.31150357,
       -0.42823087, -0.52059309, -0.76902881,  0.04359851, -0.30208693]),
array([-0.39807277,  0.09101864, -0.62588931,  0.43762377,  0.94874221,
       -0.42054232,  0.53593757, -0.72771744,  0.72053479, -0.5022726 ,
       -0.38578203, -0.32355549, -0.48876402,  0.78907614,  0.83788126,
        0.28112553, -0.46676207,  0.516572  ,  0.53598926,  0.49639641,
        0.92128235,  0.1149584 ,  0.7929964 , -0.8208848 ,  0.68342051,
       -0.62567639,  0.31136469,  0.52613453, -0.5282438 , -0.29281344,
       -0.6698071 ,  0.69755963,  0.96900039,  0.70371533,  0.39977151,
       -0.43713795, -1.07017712, -0.84348954,  0.01991539, -0.46123065,
       -0.15540592, -0.57200779, -0.36529096, -0.25921626,  0.24392201,
        0.57438439,  0.23377162, -0.83729652,  0.19986327, -0.58772471,
       -0.52209037, -0.79467017,  0.26577214,  0.2035344 , -0.49767727,
       -0.76263634,  0.72992494, -0.96598919, -0.19047421,  0.45225952,
        0.73225934,  0.02658206, -0.93431739, -0.77738182, -0.32699063,
        1.03548181,  0.61452551, -0.36651091,  0.48660471, -0.08866731,
       -1.08800368,  0.30762924,  0.85574885, -0.12244149,  0.54979754,
       -0.84371958, -0.0086026 , -0.31827245, -0.59894111, -0.95588021,
        0.66964461, -0.65435122, -0.00726727, -0.38375466,  0.41713065,
       -0.07581978,  0.40496469,  0.22644813, -0.93420873, -0.11604471,
        0.05167291,  0.84015976,  0.83261413,  0.72580919, -0.29752072,
       -0.46084937, -0.54414414, -0.83448544, -0.02556021, -0.32599672]),
array([-0.46019549,  0.02867464, -0.62562327,  0.47979125,  0.95110823,
       -0.44946039,  0.54369248, -0.72027751,  0.74608487, -0.48204404,
       -0.36254009, -0.33435139, -0.49153526,  0.76920421,  0.86589933,
        0.27356722, -0.47144826,  0.55874203,  0.57893817,  0.46570166,
        0.91470459,  0.09745363,  0.78071652, -0.87261849,  0.6376328 ,
       -0.62429096,  0.27016432,  0.57876185, -0.48423006, -0.29139125,
       -0.6201336 ,  0.69371906,  0.96888965,  0.75924254,  0.34635593,
       -0.4443    , -1.10627727, -0.83459077, -0.03809484, -0.50565798,
       -0.18175019, -0.49629657, -0.34779967, -0.30524191,  0.27328062,
        0.5950262 ,  0.20771888, -0.85073373,  0.20671191, -0.55544751,
       -0.50664695, -0.79018811,  0.19419588,  0.25432521, -0.46716901,
       -0.71301157,  0.76200684, -0.9786837 , -0.15457002,  0.47408439,
        0.71695211,  0.09436847, -1.01395546, -0.83176055, -0.33922853,
        1.05448767,  0.62194742, -0.31890398,  0.47052422, -0.09492905,
       -1.12321338,  0.27336407,  0.8083062 , -0.1150822 ,  0.56399184,
       -0.82268179, -0.03270791, -0.295993  , -0.58517994, -0.97913932,
        0.65845688, -0.67010882,  0.03954077, -0.39295451,  0.36513931,
       -0.08729937,  0.39915931,  0.23038686, -0.92442375, -0.13267566,
        0.02371429,  0.84901506,  0.83813603,  0.65981828, -0.28353787,
       -0.49346786, -0.5676952 , -0.89994207, -0.09471894, -0.3499065 ]),
array([-0.5223182 , -0.03366936, -0.62535724,  0.52195874,  0.95347426,
       -0.47837846,  0.55144739, -0.71283758,  0.77163494, -0.46181548,
       -0.33929815, -0.34514729, -0.4943065 ,  0.74933229,  0.8939174 ,
        0.26600892, -0.47613445,  0.60091205,  0.62188709,  0.4350069 ,
        0.90812683,  0.07994887,  0.76843665, -0.92435218,  0.5918451 ,
       -0.62290554,  0.22896395,  0.63138918, -0.44021633, -0.28996907,
       -0.57046011,  0.68987849,  0.96877891,  0.81476976,  0.29294034,
       -0.45146206, -1.14237741, -0.825692  , -0.09610508, -0.55008532,
       -0.20809445, -0.42058535, -0.33030838, -0.35126756,  0.30263923,
        0.61566801,  0.18166614, -0.86417093,  0.21356056, -0.52317031,
       -0.49120354, -0.78570604,  0.12261963,  0.30511601, -0.43666074,
       -0.66338681,  0.79408873, -0.99137822, -0.11866584,  0.49590926,
        0.70164487,  0.16215489, -1.09359353, -0.88613929, -0.35146643,
        1.07349353,  0.62936933, -0.27129706,  0.45444373, -0.1011908 ,
       -1.15842309,  0.2390989 ,  0.76086355, -0.1077229 ,  0.57818614,
       -0.801644  , -0.05681322, -0.27371355, -0.57141878, -1.00239844,
        0.64726916, -0.68586643,  0.08634881, -0.40215435,  0.31314798,
       -0.09877897,  0.39335394,  0.23432559, -0.91463878, -0.14930661,
       -0.00424432,  0.85787036,  0.84365794,  0.59382737, -0.26955502,
       -0.52608636, -0.59124625, -0.96539871, -0.16387766, -0.37381629]),
array([-0.58444091, -0.09601336, -0.62509119,  0.56412622,  0.95584028,
       -0.50729654,  0.5592023 , -0.70539765,  0.79718501, -0.44158693,
       -0.31605622, -0.35594319, -0.49707774,  0.72946035,  0.92193547,
        0.25845062, -0.48082064,  0.64308208,  0.66483599,  0.40431214,
        0.90154907,  0.06244409,  0.75615677, -0.97608587,  0.5460574 ,
       -0.62152012,  0.18776357,  0.68401651, -0.39620259, -0.28854689,
       -0.52078661,  0.68603792,  0.96866816,  0.87029697,  0.23952475,
       -0.45862412, -1.17847756, -0.81679323, -0.15411531, -0.59451266,
       -0.23443872, -0.34487413, -0.31281709, -0.39729321,  0.33199783,
        0.63630982,  0.15561339, -0.87760813,  0.22040921, -0.49089311,
       -0.47576013, -0.78122398,  0.05104337,  0.35590682, -0.40615248,
       -0.61376205,  0.82617062, -1.00407272, -0.08276166,  0.51773412,
        0.68633764,  0.2299413 , -1.1732316 , -0.94051802, -0.36370433,
        1.0924994 ,  0.63679123, -0.22369014,  0.43836324, -0.10745254,
       -1.19363279,  0.20483373,  0.7134209 , -0.10036361,  0.59238044,
       -0.78060621, -0.08091852, -0.2514341 , -0.55765762, -1.02565755,
        0.63608143, -0.70162403,  0.13315684, -0.41135419,  0.26115665,
       -0.11025857,  0.38754856,  0.23826433, -0.90485381, -0.16593756,
       -0.03220295,  0.86672567,  0.84917984,  0.52783646, -0.25557217,
       -0.55870486, -0.6147973 , -1.03085534, -0.23303638, -0.39772607]),
array([-0.64656363, -0.15835737, -0.62482516,  0.6062937 ,  0.9582063 ,
       -0.53621462,  0.56695722, -0.69795773,  0.82273508, -0.42135837,
       -0.29281428, -0.36673908, -0.49984899,  0.70958842,  0.94995353,
        0.25089231, -0.48550683,  0.68525211,  0.7077849 ,  0.37361739,
        0.89497132,  0.04493932,  0.74387689, -1.02781955,  0.5002697 ,
       -0.6201347 ,  0.1465632 ,  0.73664383, -0.35218885, -0.2871247 ,
       -0.47111311,  0.68219735,  0.96855742,  0.92582418,  0.18610917,
       -0.46578618, -1.21457771, -0.80789446, -0.21212554, -0.63893999,
       -0.26078298, -0.26916291, -0.2953258 , -0.44331886,  0.36135644,
        0.65695163,  0.12956065, -0.89104534,  0.22725786, -0.45861591,
       -0.46031671, -0.77674191, -0.02053288,  0.40669763, -0.37564422,
       -0.56413728,  0.85825252, -1.01676723, -0.04685748,  0.53955899,
        0.6710304 ,  0.29772772, -1.25286967, -0.99489675, -0.37594222,
        1.11150526,  0.64421314, -0.17608322,  0.42228275, -0.11371428,
       -1.2288425 ,  0.17056855,  0.66597825, -0.09300431,  0.60657474,
       -0.75956842, -0.10502382, -0.22915464, -0.54389646, -1.04891666,
        0.6248937 , -0.71738163,  0.17996488, -0.42055403,  0.20916532,
       -0.12173817,  0.38174319,  0.24220306, -0.89506884, -0.18256851,
       -0.06016157,  0.87558097,  0.85470174,  0.46184555, -0.24158932,
       -0.59132335, -0.63834835, -1.09631197, -0.30219511, -0.42163585]),
array([-0.70868634, -0.22070137, -0.62455912,  0.64846118,  0.96057232,
       -0.5651327 ,  0.57471213, -0.6905178 ,  0.84828516, -0.40112982,
       -0.26957234, -0.37753498, -0.50262023,  0.68971649,  0.9779716 ,
        0.24333401, -0.49019302,  0.72742213,  0.75073381,  0.34292263,
        0.88839356,  0.02743455,  0.73159701, -1.07955324,  0.45448199,
       -0.61874927,  0.10536283,  0.78927116, -0.30817512, -0.28570252,
       -0.42143961,  0.67835678,  0.96844667,  0.9813514 ,  0.13269358,
       -0.47294823, -1.25067786, -0.79899569, -0.27013577, -0.68336733,
       -0.28712725, -0.19345168, -0.2778345 , -0.48934451,  0.39071505,
        0.67759344,  0.1035079 , -0.90448254,  0.2341065 , -0.42633871,
       -0.4448733 , -0.77225985, -0.09210914,  0.45748843, -0.34513596,
       -0.51451252,  0.89033441, -1.02946174, -0.01095329,  0.56138386,
        0.65572317,  0.36551413, -1.33250774, -1.04927549, -0.38818012,
        1.13051112,  0.65163505, -0.1284763 ,  0.40620227, -0.11997603,
       -1.2640522 ,  0.13630338,  0.6185356 , -0.08564502,  0.62076903,
       -0.73853063, -0.12912913, -0.20687519, -0.53013529, -1.07217578,
        0.61370597, -0.73313923,  0.22677291, -0.42975387,  0.15717399,
       -0.13321777,  0.37593781,  0.24614179, -0.88528387, -0.19919946,
       -0.08812018,  0.88443628,  0.86022365,  0.39585464, -0.22760648,
       -0.62394185, -0.66189941, -1.1617686 , -0.37135383, -0.44554563]),
array([-0.77080906, -0.28304537, -0.62429308,  0.69062867,  0.96293835,
       -0.59405077,  0.58246704, -0.68307787,  0.87383523, -0.38090126,
       -0.2463304 , -0.38833088, -0.50539147,  0.66984456,  1.00598967,
        0.23577571, -0.49487921,  0.76959216,  0.79368272,  0.31222787,
        0.8818158 ,  0.00992978,  0.71931714, -1.13128693,  0.40869429,
       -0.61736385,  0.06416246,  0.84189848, -0.26416138, -0.28428034,
       -0.37176611,  0.67451621,  0.96833593,  1.03687861,  0.079278  ,
       -0.48011029, -1.28677801, -0.79009692, -0.32814601, -0.72779467,
       -0.31347151, -0.11774046, -0.26034321, -0.53537017,  0.42007365,
        0.69823525,  0.07745516, -0.91791974,  0.24095515, -0.39406151,
       -0.42942989, -0.76777778, -0.16368539,  0.50827924, -0.31462769,
       -0.46488775,  0.92241631, -1.04215624,  0.02495089,  0.58320873,
        0.64041593,  0.43330055, -1.41214581, -1.10365422, -0.40041802,
        1.14951698,  0.65905695, -0.08086938,  0.39012178, -0.12623777,
       -1.29926191,  0.10203821,  0.57109295, -0.07828573,  0.63496333,
       -0.71749284, -0.15323443, -0.18459574, -0.51637413, -1.09543489,
        0.60251824, -0.74889683,  0.27358095, -0.43895371,  0.10518266,
       -0.14469737,  0.37013244,  0.25008052, -0.8754989 , -0.21583042,
       -0.1160788 ,  0.89329158,  0.86574555,  0.32986373, -0.21362363,
       -0.65656035, -0.68545046, -1.22722524, -0.44051256, -0.46945542]),
array([-0.83293177, -0.34538937, -0.62402704,  0.73279615,  0.96530437,
       -0.62296885,  0.59022195, -0.67563794,  0.8993853 , -0.3606727 ,
       -0.22308847, -0.39912678, -0.50816272,  0.64997263,  1.03400774,
        0.2282174 , -0.4995654 ,  0.81176219,  0.83663163,  0.28153312,
        0.87523804, -0.00757499,  0.70703726, -1.18302062,  0.36290659,
       -0.61597843,  0.02296209,  0.89452581, -0.22014765, -0.28285815,
       -0.32209261,  0.67067564,  0.96822519,  1.09240583,  0.02586241,
       -0.48727235, -1.32287816, -0.78119815, -0.38615624, -0.772222  ,
       -0.33981578, -0.04202924, -0.24285192, -0.58139582,  0.44943226,
        0.71887706,  0.05140241, -0.93135695,  0.2478038 , -0.36178431,
       -0.41398647, -0.76329572, -0.23526165,  0.55907005, -0.28411943,
       -0.41526299,  0.9544982 , -1.05485075,  0.06085507,  0.60503359,
        0.6251087 ,  0.50108696, -1.49178388, -1.15803295, -0.41265592,
        1.16852284,  0.66647886, -0.03326246,  0.37404129, -0.13249952,
       -1.33447161,  0.06777303,  0.5236503 , -0.07092643,  0.64915763,
       -0.69645505, -0.17733973, -0.16231629, -0.50261297, -1.118694  ,
        0.59133051, -0.76465444,  0.32038899, -0.44815355,  0.05319133,
       -0.15617696,  0.36432706,  0.25401926, -0.86571392, -0.23246137,
       -0.14403742,  0.90214688,  0.87126746,  0.26387282, -0.19964078,
       -0.68917884, -0.70900151, -1.29268187, -0.50967128, -0.4933652 ]),
array([ -8.95054483e-01,  -4.07733376e-01,  -6.23761003e-01,
         7.74963635e-01,   9.67670393e-01,  -6.51886925e-01,
         5.97976870e-01,  -6.68198019e-01,   9.24935370e-01,
        -3.40444136e-01,  -1.99846526e-01,  -4.09922683e-01,
        -5.10933960e-01,   6.30100705e-01,   1.06202580e+00,
         2.20659099e-01,  -5.04251593e-01,   8.53932208e-01,
         8.79580543e-01,   2.50838365e-01,   8.68660281e-01,
        -2.50797556e-02,   6.94757384e-01,  -1.23475431e+00,
         3.17118890e-01,  -6.14593009e-01,  -1.82382881e-02,
         9.47153126e-01,  -1.76133909e-01,  -2.81435969e-01,
        -2.72419123e-01,   6.66835068e-01,   9.68114443e-01,
         1.14793304e+00,  -2.75531767e-02,  -4.94434410e-01,
        -1.35897831e+00,  -7.72299383e-01,  -4.44166472e-01,
        -8.16649337e-01,  -3.66160035e-01,   3.36819752e-02,
        -2.25360629e-01,  -6.27421471e-01,   4.78790872e-01,
         7.39518871e-01,   2.53496746e-02,  -9.44794150e-01,
         2.54652448e-01,  -3.29507109e-01,  -3.98543057e-01,
        -7.58813648e-01,  -3.06837899e-01,   6.09860859e-01,
        -2.53611168e-01,  -3.65638234e-01,   9.86580091e-01,
        -1.06754526e+00,   9.67592627e-02,   6.26858463e-01,
         6.09801461e-01,   5.68873379e-01,  -1.57142195e+00,
        -1.21241169e+00,  -4.24893820e-01,   1.18752870e+00,
         6.73900774e-01,   1.43444624e-02,   3.57960801e-01,
        -1.38761260e-01,  -1.36968132e+00,   3.35078643e-02,
         4.76207649e-01,  -6.35671367e-02,   6.63351931e-01,
        -6.75417264e-01,  -2.01445044e-01,  -1.40036826e-01,
        -4.88851806e-01,  -1.14195312e+00,   5.80142781e-01,
        -7.80412043e-01,   3.67197023e-01,  -4.57353395e-01,
         1.19999607e-03,  -1.67656559e-01,   3.58521688e-01,
         2.57957987e-01,  -8.55928952e-01,  -2.49092317e-01,
        -1.71996035e-01,   9.11002189e-01,   8.76789361e-01,
         1.97881913e-01,  -1.85657927e-01,  -7.21797344e-01,
        -7.32552556e-01,  -1.35813850e+00,  -5.78830005e-01,
        -5.17274983e-01]),
array([ -8.95054483e-01,  -4.07733376e-01,  -6.23761003e-01,
         7.74963635e-01,   9.67670393e-01,  -6.51886925e-01,
         5.97976870e-01,  -6.68198019e-01,   9.24935370e-01,
        -3.40444136e-01,  -1.99846526e-01,  -4.09922683e-01,
        -5.10933960e-01,   6.30100705e-01,   1.06202580e+00,
         2.20659099e-01,  -5.04251593e-01,   8.53932208e-01,
         8.79580543e-01,   2.50838365e-01,   8.68660281e-01,
        -2.50797556e-02,   6.94757384e-01,  -1.23475431e+00,
         3.17118890e-01,  -6.14593009e-01,  -1.82382881e-02,
         9.47153126e-01,  -1.76133909e-01,  -2.81435969e-01,
        -2.72419123e-01,   6.66835068e-01,   9.68114443e-01,
         1.14793304e+00,  -2.75531767e-02,  -4.94434410e-01,
        -1.35897831e+00,  -7.72299383e-01,  -4.44166472e-01,
        -8.16649337e-01,  -3.66160035e-01,   3.36819752e-02,
        -2.25360629e-01,  -6.27421471e-01,   4.78790872e-01,
         7.39518871e-01,   2.53496746e-02,  -9.44794150e-01,
         2.54652448e-01,  -3.29507109e-01,  -3.98543057e-01,
        -7.58813648e-01,  -3.06837899e-01,   6.09860859e-01,
        -2.53611168e-01,  -3.65638234e-01,   9.86580091e-01,
        -1.06754526e+00,   9.67592627e-02,   6.26858463e-01,
         6.09801461e-01,   5.68873379e-01,  -1.57142195e+00,
        -1.21241169e+00,  -4.24893820e-01,   1.18752870e+00,
         6.73900774e-01,   1.43444624e-02,   3.57960801e-01,
        -1.38761260e-01,  -1.36968132e+00,   3.35078643e-02,
         4.76207649e-01,  -6.35671367e-02,   6.63351931e-01,
        -6.75417264e-01,  -2.01445044e-01,  -1.40036826e-01,
        -4.88851806e-01,  -1.14195312e+00,   5.80142781e-01,
        -7.80412043e-01,   3.67197023e-01,  -4.57353395e-01,
         1.19999607e-03,  -1.67656559e-01,   3.58521688e-01,
         2.57957987e-01,  -8.55928952e-01,  -2.49092317e-01,
        -1.71996035e-01,   9.11002189e-01,   8.76789361e-01,
         1.97881913e-01,  -1.85657927e-01,  -7.21797344e-01,
        -7.32552556e-01,  -1.35813850e+00,  -5.78830005e-01,
        -5.17274983e-01]),
array([-0.83293177, -0.34538937, -0.62402704,  0.73279615,  0.96530437,
       -0.62296885,  0.59022195, -0.67563794,  0.8993853 , -0.3606727 ,
       -0.22308847, -0.39912678, -0.50816272,  0.64997263,  1.03400774,
        0.2282174 , -0.4995654 ,  0.81176219,  0.83663163,  0.28153312,
        0.87523804, -0.00757499,  0.70703726, -1.18302062,  0.36290659,
       -0.61597843,  0.02296209,  0.89452581, -0.22014765, -0.28285815,
       -0.32209261,  0.67067564,  0.96822519,  1.09240583,  0.02586241,
       -0.48727235, -1.32287816, -0.78119815, -0.38615624, -0.772222  ,
       -0.33981578, -0.04202924, -0.24285192, -0.58139582,  0.44943226,
        0.71887706,  0.05140241, -0.93135695,  0.2478038 , -0.36178431,
       -0.41398647, -0.76329572, -0.23526165,  0.55907005, -0.28411943,
       -0.41526299,  0.9544982 , -1.05485075,  0.06085507,  0.60503359,
        0.6251087 ,  0.50108696, -1.49178388, -1.15803295, -0.41265592,
        1.16852284,  0.66647886, -0.03326246,  0.37404129, -0.13249952,
       -1.33447161,  0.06777303,  0.5236503 , -0.07092643,  0.64915763,
       -0.69645505, -0.17733973, -0.16231629, -0.50261297, -1.118694  ,
        0.59133051, -0.76465444,  0.32038899, -0.44815355,  0.05319133,
       -0.15617696,  0.36432706,  0.25401926, -0.86571392, -0.23246137,
       -0.14403742,  0.90214688,  0.87126746,  0.26387282, -0.19964078,
       -0.68917884, -0.70900151, -1.29268187, -0.50967128, -0.4933652 ]),
array([-0.77080906, -0.28304537, -0.62429308,  0.69062867,  0.96293835,
       -0.59405077,  0.58246704, -0.68307787,  0.87383523, -0.38090126,
       -0.2463304 , -0.38833088, -0.50539147,  0.66984456,  1.00598967,
        0.23577571, -0.49487921,  0.76959216,  0.79368272,  0.31222787,
        0.8818158 ,  0.00992978,  0.71931714, -1.13128693,  0.40869429,
       -0.61736385,  0.06416246,  0.84189848, -0.26416138, -0.28428034,
       -0.37176611,  0.67451621,  0.96833593,  1.03687861,  0.079278  ,
       -0.48011029, -1.28677801, -0.79009692, -0.32814601, -0.72779467,
       -0.31347151, -0.11774046, -0.26034321, -0.53537017,  0.42007365,
        0.69823525,  0.07745516, -0.91791974,  0.24095515, -0.39406151,
       -0.42942989, -0.76777778, -0.16368539,  0.50827924, -0.31462769,
       -0.46488775,  0.92241631, -1.04215624,  0.02495089,  0.58320873,
        0.64041593,  0.43330055, -1.41214581, -1.10365422, -0.40041802,
        1.14951698,  0.65905695, -0.08086938,  0.39012178, -0.12623777,
       -1.29926191,  0.10203821,  0.57109295, -0.07828573,  0.63496333,
       -0.71749284, -0.15323443, -0.18459574, -0.51637413, -1.09543489,
        0.60251824, -0.74889683,  0.27358095, -0.43895371,  0.10518266,
       -0.14469737,  0.37013244,  0.25008052, -0.8754989 , -0.21583042,
       -0.1160788 ,  0.89329158,  0.86574555,  0.32986373, -0.21362363,
       -0.65656035, -0.68545046, -1.22722524, -0.44051256, -0.46945542]),
array([-0.70868634, -0.22070137, -0.62455912,  0.64846118,  0.96057232,
       -0.5651327 ,  0.57471213, -0.6905178 ,  0.84828516, -0.40112982,
       -0.26957234, -0.37753498, -0.50262023,  0.68971649,  0.9779716 ,
        0.24333401, -0.49019302,  0.72742213,  0.75073381,  0.34292263,
        0.88839356,  0.02743455,  0.73159701, -1.07955324,  0.45448199,
       -0.61874927,  0.10536283,  0.78927116, -0.30817512, -0.28570252,
       -0.42143961,  0.67835678,  0.96844667,  0.9813514 ,  0.13269358,
       -0.47294823, -1.25067786, -0.79899569, -0.27013577, -0.68336733,
       -0.28712725, -0.19345168, -0.2778345 , -0.48934451,  0.39071505,
        0.67759344,  0.1035079 , -0.90448254,  0.2341065 , -0.42633871,
       -0.4448733 , -0.77225985, -0.09210914,  0.45748843, -0.34513596,
       -0.51451252,  0.89033441, -1.02946174, -0.01095329,  0.56138386,
        0.65572317,  0.36551413, -1.33250774, -1.04927549, -0.38818012,
        1.13051112,  0.65163505, -0.1284763 ,  0.40620227, -0.11997603,
       -1.2640522 ,  0.13630338,  0.6185356 , -0.08564502,  0.62076903,
       -0.73853063, -0.12912913, -0.20687519, -0.53013529, -1.07217578,
        0.61370597, -0.73313923,  0.22677291, -0.42975387,  0.15717399,
       -0.13321777,  0.37593781,  0.24614179, -0.88528387, -0.19919946,
       -0.08812018,  0.88443628,  0.86022365,  0.39585464, -0.22760648,
       -0.62394185, -0.66189941, -1.1617686 , -0.37135383, -0.44554563]),
array([-0.64656363, -0.15835737, -0.62482516,  0.6062937 ,  0.9582063 ,
       -0.53621462,  0.56695722, -0.69795773,  0.82273508, -0.42135837,
       -0.29281428, -0.36673908, -0.49984899,  0.70958842,  0.94995353,
        0.25089231, -0.48550683,  0.68525211,  0.7077849 ,  0.37361739,
        0.89497132,  0.04493932,  0.74387689, -1.02781955,  0.5002697 ,
       -0.6201347 ,  0.1465632 ,  0.73664383, -0.35218885, -0.2871247 ,
       -0.47111311,  0.68219735,  0.96855742,  0.92582418,  0.18610917,
       -0.46578618, -1.21457771, -0.80789446, -0.21212554, -0.63893999,
       -0.26078298, -0.26916291, -0.2953258 , -0.44331886,  0.36135644,
        0.65695163,  0.12956065, -0.89104534,  0.22725786, -0.45861591,
       -0.46031671, -0.77674191, -0.02053288,  0.40669763, -0.37564422,
       -0.56413728,  0.85825252, -1.01676723, -0.04685748,  0.53955899,
        0.6710304 ,  0.29772772, -1.25286967, -0.99489675, -0.37594222,
        1.11150526,  0.64421314, -0.17608322,  0.42228275, -0.11371428,
       -1.2288425 ,  0.17056855,  0.66597825, -0.09300431,  0.60657474,
       -0.75956842, -0.10502382, -0.22915464, -0.54389646, -1.04891666,
        0.6248937 , -0.71738163,  0.17996488, -0.42055403,  0.20916532,
       -0.12173817,  0.38174319,  0.24220306, -0.89506884, -0.18256851,
       -0.06016157,  0.87558097,  0.85470174,  0.46184555, -0.24158932,
       -0.59132335, -0.63834835, -1.09631197, -0.30219511, -0.42163585]),
array([-0.58444091, -0.09601336, -0.62509119,  0.56412622,  0.95584028,
       -0.50729654,  0.5592023 , -0.70539765,  0.79718501, -0.44158693,
       -0.31605622, -0.35594319, -0.49707774,  0.72946035,  0.92193547,
        0.25845062, -0.48082064,  0.64308208,  0.66483599,  0.40431214,
        0.90154907,  0.06244409,  0.75615677, -0.97608587,  0.5460574 ,
       -0.62152012,  0.18776357,  0.68401651, -0.39620259, -0.28854689,
       -0.52078661,  0.68603792,  0.96866816,  0.87029697,  0.23952475,
       -0.45862412, -1.17847756, -0.81679323, -0.15411531, -0.59451266,
       -0.23443872, -0.34487413, -0.31281709, -0.39729321,  0.33199783,
        0.63630982,  0.15561339, -0.87760813,  0.22040921, -0.49089311,
       -0.47576013, -0.78122398,  0.05104337,  0.35590682, -0.40615248,
       -0.61376205,  0.82617062, -1.00407272, -0.08276166,  0.51773412,
        0.68633764,  0.2299413 , -1.1732316 , -0.94051802, -0.36370433,
        1.0924994 ,  0.63679123, -0.22369014,  0.43836324, -0.10745254,
       -1.19363279,  0.20483373,  0.7134209 , -0.10036361,  0.59238044,
       -0.78060621, -0.08091852, -0.2514341 , -0.55765762, -1.02565755,
        0.63608143, -0.70162403,  0.13315684, -0.41135419,  0.26115665,
       -0.11025857,  0.38754856,  0.23826433, -0.90485381, -0.16593756,
       -0.03220295,  0.86672567,  0.84917984,  0.52783646, -0.25557217,
       -0.55870486, -0.6147973 , -1.03085534, -0.23303638, -0.39772607]),
array([-0.5223182 , -0.03366936, -0.62535724,  0.52195874,  0.95347426,
       -0.47837846,  0.55144739, -0.71283758,  0.77163494, -0.46181548,
       -0.33929815, -0.34514729, -0.4943065 ,  0.74933229,  0.8939174 ,
        0.26600892, -0.47613445,  0.60091205,  0.62188709,  0.4350069 ,
        0.90812683,  0.07994887,  0.76843665, -0.92435218,  0.5918451 ,
       -0.62290554,  0.22896395,  0.63138918, -0.44021633, -0.28996907,
       -0.57046011,  0.68987849,  0.96877891,  0.81476976,  0.29294034,
       -0.45146206, -1.14237741, -0.825692  , -0.09610508, -0.55008532,
       -0.20809445, -0.42058535, -0.33030838, -0.35126756,  0.30263923,
        0.61566801,  0.18166614, -0.86417093,  0.21356056, -0.52317031,
       -0.49120354, -0.78570604,  0.12261963,  0.30511601, -0.43666074,
       -0.66338681,  0.79408873, -0.99137822, -0.11866584,  0.49590926,
        0.70164487,  0.16215489, -1.09359353, -0.88613929, -0.35146643,
        1.07349353,  0.62936933, -0.27129706,  0.45444373, -0.1011908 ,
       -1.15842309,  0.2390989 ,  0.76086355, -0.1077229 ,  0.57818614,
       -0.801644  , -0.05681322, -0.27371355, -0.57141878, -1.00239844,
        0.64726916, -0.68586643,  0.08634881, -0.40215435,  0.31314798,
       -0.09877897,  0.39335394,  0.23432559, -0.91463878, -0.14930661,
       -0.00424432,  0.85787036,  0.84365794,  0.59382737, -0.26955502,
       -0.52608636, -0.59124625, -0.96539871, -0.16387766, -0.37381629]),
array([-0.46019549,  0.02867464, -0.62562327,  0.47979125,  0.95110823,
       -0.44946039,  0.54369248, -0.72027751,  0.74608487, -0.48204404,
       -0.36254009, -0.33435139, -0.49153526,  0.76920421,  0.86589933,
        0.27356722, -0.47144826,  0.55874203,  0.57893817,  0.46570166,
        0.91470459,  0.09745363,  0.78071652, -0.87261849,  0.6376328 ,
       -0.62429096,  0.27016432,  0.57876185, -0.48423006, -0.29139125,
       -0.6201336 ,  0.69371906,  0.96888965,  0.75924254,  0.34635593,
       -0.4443    , -1.10627727, -0.83459077, -0.03809484, -0.50565798,
       -0.18175019, -0.49629657, -0.34779967, -0.30524191,  0.27328062,
        0.5950262 ,  0.20771888, -0.85073373,  0.20671191, -0.55544751,
       -0.50664695, -0.79018811,  0.19419588,  0.25432521, -0.46716901,
       -0.71301157,  0.76200684, -0.9786837 , -0.15457002,  0.47408439,
        0.71695211,  0.09436847, -1.01395546, -0.83176055, -0.33922853,
        1.05448767,  0.62194742, -0.31890398,  0.47052422, -0.09492905,
       -1.12321338,  0.27336407,  0.8083062 , -0.1150822 ,  0.56399184,
       -0.82268179, -0.03270791, -0.295993  , -0.58517994, -0.97913932,
        0.65845688, -0.67010882,  0.03954077, -0.39295451,  0.36513931,
       -0.08729937,  0.39915931,  0.23038686, -0.92442375, -0.13267566,
        0.02371429,  0.84901506,  0.83813603,  0.65981828, -0.28353787,
       -0.49346786, -0.5676952 , -0.89994207, -0.09471894, -0.3499065 ]),
array([-0.39807277,  0.09101864, -0.62588931,  0.43762377,  0.94874221,
       -0.42054232,  0.53593757, -0.72771744,  0.72053479, -0.5022726 ,
       -0.38578203, -0.32355549, -0.48876402,  0.78907614,  0.83788126,
        0.28112553, -0.46676207,  0.516572  ,  0.53598926,  0.49639641,
        0.92128235,  0.1149584 ,  0.7929964 , -0.8208848 ,  0.68342051,
       -0.62567639,  0.31136469,  0.52613453, -0.5282438 , -0.29281344,
       -0.6698071 ,  0.69755963,  0.96900039,  0.70371533,  0.39977151,
       -0.43713795, -1.07017712, -0.84348954,  0.01991539, -0.46123065,
       -0.15540592, -0.57200779, -0.36529096, -0.25921626,  0.24392201,
        0.57438439,  0.23377162, -0.83729652,  0.19986327, -0.58772471,
       -0.52209037, -0.79467017,  0.26577214,  0.2035344 , -0.49767727,
       -0.76263634,  0.72992494, -0.96598919, -0.19047421,  0.45225952,
        0.73225934,  0.02658206, -0.93431739, -0.77738182, -0.32699063,
        1.03548181,  0.61452551, -0.36651091,  0.48660471, -0.08866731,
       -1.08800368,  0.30762924,  0.85574885, -0.12244149,  0.54979754,
       -0.84371958, -0.0086026 , -0.31827245, -0.59894111, -0.95588021,
        0.66964461, -0.65435122, -0.00726727, -0.38375466,  0.41713065,
       -0.07581978,  0.40496469,  0.22644813, -0.93420873, -0.11604471,
        0.05167291,  0.84015976,  0.83261413,  0.72580919, -0.29752072,
       -0.46084937, -0.54414414, -0.83448544, -0.02556021, -0.32599672]),
array([-0.33595006,  0.15336265, -0.62615535,  0.39545628,  0.94637619,
       -0.39162424,  0.52818266, -0.73515737,  0.69498472, -0.52250116,
       -0.40902397, -0.31275959, -0.48599277,  0.80894807,  0.8098632 ,
        0.28868383, -0.46207588,  0.47440198,  0.49304035,  0.52709117,
        0.92786011,  0.13246317,  0.80527627, -0.76915111,  0.72920821,
       -0.62706181,  0.35256506,  0.4735072 , -0.57225753, -0.29423562,
       -0.7194806 ,  0.7014002 ,  0.96911113,  0.64818811,  0.4531871 ,
       -0.42997589, -1.03407697, -0.85238831,  0.07792562, -0.41680331,
       -0.12906166, -0.64771901, -0.38278225, -0.21319061,  0.21456341,
        0.55374258,  0.25982437, -0.82385932,  0.19301462, -0.62000191,
       -0.53753378, -0.79915223,  0.33734839,  0.15274359, -0.52818554,
       -0.8122611 ,  0.69784305, -0.95329469, -0.22637839,  0.43043465,
        0.74756658, -0.04120436, -0.85467932, -0.72300308, -0.31475273,
        1.01647595,  0.6071036 , -0.41411783,  0.5026852 , -0.08240556,
       -1.05279397,  0.34189442,  0.9031915 , -0.12980079,  0.53560324,
       -0.86475737,  0.0155027 , -0.34055191, -0.61270227, -0.93262109,
        0.68083234, -0.63859361, -0.05407531, -0.37455482,  0.46912198,
       -0.06434018,  0.41077006,  0.2225094 , -0.9439937 , -0.09941376,
        0.07963153,  0.83130445,  0.82709222,  0.7918001 , -0.31150357,
       -0.42823087, -0.52059309, -0.76902881,  0.04359851, -0.30208693]),
array([-0.27382734,  0.21570665, -0.62642139,  0.3532888 ,  0.94401017,
       -0.36270616,  0.52042774, -0.74259729,  0.66943465, -0.54272972,
       -0.43226591, -0.30196369, -0.48322153,  0.82882   ,  0.78184513,
        0.29624213, -0.45738969,  0.43223195,  0.45009144,  0.55778593,
        0.93443787,  0.14996794,  0.81755615, -0.71741742,  0.77499591,
       -0.62844723,  0.39376543,  0.42087988, -0.61627127, -0.2956578 ,
       -0.76915409,  0.70524077,  0.96922188,  0.5926609 ,  0.50660269,
       -0.42281383, -0.99797682, -0.86128708,  0.13593585, -0.37237597,
       -0.10271739, -0.72343023, -0.40027355, -0.16716496,  0.1852048 ,
        0.53310077,  0.28587711, -0.81042212,  0.18616597, -0.65227911,
       -0.55297719, -0.8036343 ,  0.40892464,  0.10195278, -0.5586938 ,
       -0.86188587,  0.66576115, -0.94060018, -0.26228257,  0.40860978,
        0.76287381, -0.10899077, -0.77504125, -0.66862435, -0.30251483,
        0.99747009,  0.5996817 , -0.46172475,  0.51876568, -0.07614382,
       -1.01758427,  0.37615959,  0.95063415, -0.13716008,  0.52140894,
       -0.88579516,  0.039608  , -0.36283136, -0.62646343, -0.90936198,
        0.69202007, -0.62283601, -0.10088334, -0.36535498,  0.52111331,
       -0.05286058,  0.41657544,  0.21857066, -0.95377867, -0.08278281,
        0.10759015,  0.82244915,  0.82157032,  0.85779101, -0.32548641,
       -0.39561237, -0.49704204, -0.70357218,  0.11275724, -0.27817715]),
array([-0.21170463,  0.27805065, -0.62668743,  0.31112132,  0.94164414,
       -0.33378809,  0.51267283, -0.75003722,  0.64388458, -0.56295827,
       -0.45550784, -0.29116779, -0.48045029,  0.84869193,  0.75382706,
        0.30380044, -0.45270351,  0.39006193,  0.40714253,  0.58848068,
        0.94101562,  0.16747271,  0.82983603, -0.66568373,  0.82078361,
       -0.62983265,  0.43496581,  0.36825255, -0.660285  , -0.29707999,
       -0.81882759,  0.70908134,  0.96933262,  0.53713368,  0.56001827,
       -0.41565177, -0.96187667, -0.87018585,  0.19394608, -0.32794863,
       -0.07637313, -0.79914146, -0.41776484, -0.12113931,  0.15584619,
        0.51245896,  0.31192985, -0.79698491,  0.17931732, -0.68455631,
       -0.56842061, -0.80811636,  0.4805009 ,  0.05116198, -0.58920206,
       -0.91151063,  0.63367926, -0.92790567, -0.29818676,  0.38678491,
        0.77818105, -0.17677719, -0.69540318, -0.61424561, -0.29027693,
        0.97846423,  0.59225979, -0.50933167,  0.53484617, -0.06988208,
       -0.98237456,  0.41042476,  0.9980768 , -0.14451937,  0.50721464,
       -0.90683295,  0.06371331, -0.38511081, -0.64022459, -0.88610286,
        0.7032078 , -0.60707841, -0.14769138, -0.35615514,  0.57310464,
       -0.04138098,  0.42238082,  0.21463193, -0.96356364, -0.06615186,
        0.13554877,  0.81359385,  0.81604841,  0.92378192, -0.33946926,
	-0.36299387, -0.47349099, -0.63811554,  0.18191596, -0.25426737])]
