[array([ 0.55071006, -0.16826352,  0.8615184 , -0.59054622, -0.16238547,
       -0.41060001, -0.81867271, -0.88565774,  0.13765961, -0.65807789,
       -0.33157361, -0.6719871 ,  0.18973923, -0.28681866,  0.33726645,
       -0.63292232, -0.59106884,  0.28580796, -0.86406056,  0.51805474,
       -0.39896558,  0.03298816,  0.93340907, -0.88013602, -0.86321338,
        0.37142698, -0.55060648, -0.65033045, -0.95185396,  0.81467483,
       -0.88963162,  0.98203329, -0.96772252,  0.26127933, -0.8148156 ,
        0.98592745, -0.56803632, -0.77296033,  0.98829153,  0.57513521,
        0.59760596, -0.90113682,  0.28743638,  0.05619676,  0.45378548,
       -0.02662352,  0.88043543, -0.36129347,  0.92028789,  0.12363365,
       -0.41262193,  0.17063953, -0.70278708,  0.61777257, -0.50383498,
       -0.57799239,  0.62591838,  0.57127101, -0.72971863, -0.77385709,
        0.20568913,  0.54696689,  0.9303829 , -0.09539902, -0.92516331,
        0.98935659,  0.5967619 , -0.90719701, -0.00815424,  0.22462788,
        0.13365477,  0.34344535, -0.43132503,  0.06417043, -0.83128391,
        0.02073032,  0.89154603, -0.1903597 , -0.94361876, -0.66734743,
       -0.94102358,  0.95398726, -0.12441587,  0.10970889, -0.03206269,
       -0.31950701,  0.96967723,  0.40228762,  0.2962545 ,  0.57139077,
        0.71298811, -0.07059174, -0.3615791 ,  0.54000523,  0.91483193,
        0.06773072, -0.91253393, -0.5811662 , -0.03178053, -0.01857346]), array([  5.09582704e-01,  -2.15457164e-01,   9.60546442e-01,
        -6.72011649e-01,  -2.44186500e-01,  -4.12964315e-01,
        -8.04099234e-01,  -9.33184206e-01,   8.14471757e-02,
        -6.77156248e-01,  -3.27121994e-01,  -6.80192342e-01,
         1.73363265e-01,  -2.28014548e-01,   2.99299392e-01,
        -6.83679411e-01,  -5.95285019e-01,   3.19268254e-01,
        -8.07542403e-01,   5.27439778e-01,  -4.53022218e-01,
        -2.75564848e-02,   9.08423279e-01,  -8.77272036e-01,
        -8.36586194e-01,   4.48389549e-01,  -5.33078093e-01,
        -7.18841604e-01,  -1.03093480e+00,   8.81918801e-01,
        -8.46412868e-01,   9.41401228e-01,  -9.40476985e-01,
         3.83888463e-01,  -7.67326026e-01,   9.97245500e-01,
        -5.63467604e-01,  -8.13686682e-01,   1.07523420e+00,
         5.97085430e-01,   4.83755242e-01,  -8.47411837e-01,
         2.68306428e-01,  -8.58953036e-04,   4.12991722e-01,
         2.33112646e-02,   9.55994115e-01,  -3.81966144e-01,
         8.93077948e-01,   9.77161568e-02,  -3.91591023e-01,
         1.39626114e-01,  -5.87626878e-01,   5.59065333e-01,
        -4.37309397e-01,  -5.90628833e-01,   6.21596400e-01,
         6.05192951e-01,  -6.23560913e-01,  -7.67451327e-01,
         1.81197428e-01,   4.74139222e-01,   1.00491424e+00,
        -1.03659377e-01,  -9.62741478e-01,   9.59554092e-01,
         5.53105327e-01,  -8.60680183e-01,   5.04941008e-02,
         3.02386819e-01,   1.89324772e-01,   2.40356341e-01,
        -4.58256245e-01,   6.13450745e-02,  -8.08076055e-01,
        -1.07740531e-03,   8.68454393e-01,  -1.94312929e-01,
        -9.50611486e-01,  -7.14421856e-01,  -8.20514889e-01,
         8.77046121e-01,  -8.62874941e-02,   1.61763865e-01,
        -8.41811494e-02,  -3.42835451e-01,   8.87320808e-01,
         4.32267843e-01,   2.57673078e-01,   5.78987160e-01,
         7.41041289e-01,  -1.28688782e-01,  -3.99193064e-01,
         5.49934656e-01,   8.44075766e-01,  -1.28668300e-03,
        -9.76512386e-01,  -5.44658952e-01,  -8.13268612e-02,
        -1.72599139e-01]), array([ 0.46845535, -0.26265081,  1.05957449, -0.75347707, -0.32598753,
       -0.41532862, -0.78952576, -0.98071067,  0.02523474, -0.6962346 ,
       -0.32267038, -0.68839759,  0.1569873 , -0.16921044,  0.26133233,
       -0.7344365 , -0.5995012 ,  0.35272855, -0.75102424,  0.53682482,
       -0.50707886, -0.08810113,  0.88343749, -0.87440805, -0.80995901,
        0.52535212, -0.51554971, -0.78735276, -1.11001565,  0.94916277,
       -0.80319411,  0.90076917, -0.91323145,  0.50649759, -0.71983646,
        1.00856355, -0.55889889, -0.85441303,  1.16217687,  0.61903565,
        0.36990452, -0.79368685,  0.24917648, -0.05791467,  0.37219796,
        0.07324605,  1.0315528 , -0.40263882,  0.86586801,  0.07179866,
       -0.37056011,  0.10861269, -0.47246667,  0.5003581 , -0.37078382,
       -0.60326528,  0.61727442,  0.63911489, -0.51740319, -0.76104557,
        0.15670573,  0.40131155,  1.07944558, -0.11191974, -1.00031965,
        0.92975159,  0.50944875, -0.81416335,  0.10914244,  0.38014576,
        0.24499477,  0.13726734, -0.48518746,  0.05851971, -0.7848682 ,
       -0.02288513,  0.84536276, -0.19826616, -0.95760422, -0.76149628,
       -0.70000619,  0.80010499, -0.04815912,  0.21381884, -0.13629961,
       -0.3661639 ,  0.80496438,  0.46224807,  0.21909166,  0.58658355,
        0.76909447, -0.18678582, -0.43680703,  0.55986408,  0.7733196 ,
       -0.07030408, -1.04049084, -0.50815171, -0.1308732 , -0.32662482]), array([ 0.42732799, -0.30984445,  1.15860253, -0.8349425 , -0.40778856,
       -0.41769293, -0.77495228, -1.02823714, -0.0309777 , -0.71531296,
       -0.31821876, -0.69660283,  0.14061133, -0.11040633,  0.22336528,
       -0.78519359, -0.60371739,  0.38618884, -0.69450608,  0.54620986,
       -0.56113549, -0.14864577,  0.85845169, -0.87154407, -0.78333183,
        0.60231469, -0.49802132, -0.85586392, -1.1890965 ,  1.01640674,
       -0.75997536,  0.8601371 , -0.88598591,  0.62910672, -0.67234689,
        1.01988161, -0.55433018, -0.89513939,  1.24911953,  0.64098587,
        0.2560538 , -0.73996187,  0.23004653, -0.11497039,  0.3314042 ,
        0.12318083,  1.10711149, -0.4233115 ,  0.83865807,  0.04588116,
       -0.3495292 ,  0.07759927, -0.35730647,  0.44165087, -0.30425824,
       -0.61590172,  0.61295243,  0.67303683, -0.41124547, -0.7546398 ,
        0.13221403,  0.32848388,  1.15397692, -0.1201801 , -1.03789782,
        0.89994909,  0.46579217, -0.76764652,  0.16779078,  0.45790469,
        0.30066477,  0.03417833, -0.51211868,  0.05569435, -0.76166035,
       -0.04469285,  0.82227112, -0.2022194 , -0.96459695, -0.8085707 ,
       -0.5794975 ,  0.72316385, -0.01003074,  0.26587381, -0.18841807,
       -0.38949234,  0.72260796,  0.49222829,  0.18051024,  0.59417995,
        0.79714765, -0.24488286, -0.47442099,  0.5697935 ,  0.70256344,
       -0.13932148, -1.10446929, -0.47164446, -0.18041953, -0.48065049]), array([ 0.38620064, -0.3570381 ,  1.25763058, -0.91640792, -0.48958959,
       -0.42005723, -0.76037881, -1.07576361, -0.08719014, -0.73439131,
       -0.31376714, -0.70480807,  0.12423536, -0.05160222,  0.18539822,
       -0.83595068, -0.60793357,  0.41964913, -0.63798793,  0.5555949 ,
       -0.61519213, -0.20919041,  0.8334659 , -0.86868008, -0.75670465,
        0.67927725, -0.48049294, -0.92437508, -1.26817735,  1.08365072,
       -0.7167566 ,  0.81950504, -0.85874037,  0.75171585, -0.62485732,
        1.03119966, -0.54976147, -0.93586574,  1.3360622 ,  0.6629361 ,
        0.14220308, -0.68623688,  0.21091659, -0.17202611,  0.29061044,
        0.17311561,  1.18267018, -0.44398418,  0.81144813,  0.01996367,
       -0.32849829,  0.04658585, -0.24214626,  0.38294363, -0.23773266,
       -0.62853817,  0.60863045,  0.70695877, -0.30508775, -0.74823404,
        0.10772233,  0.25565622,  1.22850826, -0.12844046, -1.07547599,
        0.87014659,  0.42213559, -0.72112969,  0.22643913,  0.53566363,
        0.35633477, -0.06891067, -0.5390499 ,  0.05286899, -0.73845249,
       -0.06650057,  0.79917949, -0.20617263, -0.97158968, -0.85564513,
       -0.45898881,  0.64622272,  0.02809763,  0.31792878, -0.24053653,
       -0.41282079,  0.64025153,  0.52220852,  0.14192882,  0.60177634,
        0.82520084, -0.3029799 , -0.51203495,  0.57972293,  0.63180727,
       -0.20833888, -1.16844774, -0.43513722, -0.22996586, -0.63467617]), array([ 0.40019492, -0.37519733,  1.33685694, -0.93430012, -0.57582098,
       -0.47778384, -0.76427585, -1.09899737, -0.14506573, -0.68036679,
       -0.30942005, -0.69919426,  0.11342408, -0.01719531,  0.20752698,
       -0.93317487, -0.5508204 ,  0.41613805, -0.55163172,  0.51794361,
       -0.70699816, -0.29930917,  0.86232046, -0.85848457, -0.79144141,
        0.75759178, -0.4433123 , -0.95430235, -1.31796903,  1.17606021,
       -0.63296628,  0.74053576, -0.85826044,  0.83321861, -0.6045129 ,
        0.97907006, -0.57740645, -0.95320613,  1.3547482 ,  0.64680963,
        0.02871148, -0.60719917,  0.15604359, -0.22442224,  0.32685714,
        0.17308447,  1.2844232 , -0.47664894,  0.73871305,  0.0209342 ,
       -0.3033062 , -0.03040244, -0.16391548,  0.40023691, -0.22376907,
       -0.64608745,  0.54599111,  0.66328956, -0.29626578, -0.76002822,
        0.06127316,  0.26396924,  1.26284253, -0.16623637, -1.08657838,
        0.79621109,  0.37138722, -0.62864313,  0.28029244,  0.61524056,
        0.39470782, -0.13333422, -0.54889009,  0.01629598, -0.74330251,
       -0.12618013,  0.85086302, -0.24751259, -0.94384099, -0.87553413,
       -0.4111751 ,  0.65383132,  0.03531763,  0.35045796, -0.3121472 ,
       -0.40646414,  0.56218861,  0.537401  ,  0.0642312 ,  0.57928447,
        0.84116022, -0.36933279, -0.58588174,  0.61021538,  0.53458695,
       -0.20618574, -1.23123111, -0.34519112, -0.21730015, -0.80177073]), array([ 0.41418921, -0.39335656,  1.41608331, -0.95219232, -0.66205237,
       -0.53551045, -0.76817289, -1.12223114, -0.20294132, -0.62634227,
       -0.30507296, -0.69358044,  0.1026128 ,  0.01721161,  0.22965575,
       -1.03039905, -0.49370723,  0.41262696, -0.46527551,  0.48029233,
       -0.7988042 , -0.38942792,  0.89117501, -0.84828905, -0.82617817,
        0.83590631, -0.40613165, -0.98422963, -1.3677607 ,  1.26846969,
       -0.54917595,  0.66156647, -0.85778051,  0.91472137, -0.58416847,
        0.92694047, -0.60505142, -0.97054653,  1.37343419,  0.63068315,
       -0.08478013, -0.52816146,  0.1011706 , -0.27681837,  0.36310384,
        0.17305332,  1.38617622, -0.50931371,  0.66597796,  0.02190473,
       -0.27811411, -0.10739073, -0.0856847 ,  0.41753019, -0.20980548,
       -0.66363673,  0.48335178,  0.61962035, -0.28744382, -0.7718224 ,
        0.014824  ,  0.27228226,  1.29717679, -0.20403229, -1.09768077,
        0.7222756 ,  0.32063884, -0.53615658,  0.33414574,  0.69481749,
        0.43308086, -0.19775776, -0.55873028, -0.02027704, -0.74815253,
       -0.1858597 ,  0.90254655, -0.28885255, -0.9160923 , -0.89542313,
       -0.36336139,  0.66143992,  0.04253762,  0.38298714, -0.38375787,
       -0.40010749,  0.48412568,  0.55259349, -0.01346643,  0.5567926 ,
        0.8571196 , -0.43568568, -0.65972853,  0.64070783,  0.43736662,
       -0.2040326 , -1.29401447, -0.25524502, -0.20463444, -0.96886528]), array([ 0.42818349, -0.4115158 ,  1.49530967, -0.97008452, -0.74828376,
       -0.59323706, -0.77206993, -1.14546491, -0.26081691, -0.57231775,
       -0.30072586, -0.68796663,  0.09180153,  0.05161853,  0.25178452,
       -1.12762323, -0.43659406,  0.40911587, -0.3789193 ,  0.44264104,
       -0.89061023, -0.47954667,  0.92002957, -0.83809353, -0.86091493,
        0.91422083, -0.36895101, -1.0141569 , -1.41755238,  1.36087918,
       -0.46538562,  0.58259718, -0.85730058,  0.99622413, -0.56382405,
        0.87481087, -0.6326964 , -0.98788693,  1.39212018,  0.61455668,
       -0.19827173, -0.44912375,  0.0462976 , -0.3292145 ,  0.39935054,
        0.17302217,  1.48792924, -0.54197848,  0.59324287,  0.02287526,
       -0.25292202, -0.18437902, -0.00745392,  0.43482346, -0.19584189,
       -0.68118601,  0.42071244,  0.57595114, -0.27862185, -0.78361658,
       -0.03162516,  0.28059528,  1.33151105, -0.2418282 , -1.10878317,
        0.64834011,  0.26989046, -0.44367002,  0.38799905,  0.77439442,
        0.4714539 , -0.26218131, -0.56857047, -0.05685006, -0.75300255,
       -0.24553926,  0.95423007, -0.33019251, -0.88834361, -0.91531214,
       -0.31554769,  0.66904853,  0.04975761,  0.41551632, -0.45536854,
       -0.39375084,  0.40606276,  0.56778598, -0.09116405,  0.53430074,
        0.87307899, -0.50203856, -0.73357532,  0.67120028,  0.34014629,
       -0.20187946, -1.35679784, -0.16529893, -0.19196873, -1.13595984]), array([ 0.44217778, -0.42967503,  1.57453603, -0.98797672, -0.83451515,
       -0.65096367, -0.77596697, -1.16869868, -0.3186925 , -0.51829323,
       -0.29637877, -0.68235281,  0.08099025,  0.08602544,  0.27391328,
       -1.22484742, -0.37948089,  0.40560479, -0.29256309,  0.40498975,
       -0.98241627, -0.56966542,  0.94888412, -0.82789801, -0.89565169,
        0.99253536, -0.33177037, -1.04408418, -1.46734406,  1.45328867,
       -0.38159529,  0.50362789, -0.85682065,  1.07772689, -0.54347963,
        0.82268127, -0.66034137, -1.00522732,  1.41080617,  0.59843021,
       -0.31176334, -0.37008604, -0.00857539, -0.38161064,  0.43559724,
        0.17299103,  1.58968225, -0.57464324,  0.52050778,  0.02384579,
       -0.22772993, -0.26136731,  0.07077686,  0.45211674, -0.18187829,
       -0.69873529,  0.3580731 ,  0.53228193, -0.26979988, -0.79541076,
       -0.07807433,  0.2889083 ,  1.36584531, -0.27962411, -1.11988556,
        0.57440462,  0.21914208, -0.35118346,  0.44185236,  0.85397135,
        0.50982694, -0.32660485, -0.57841065, -0.09342308, -0.75785257,
       -0.30521883,  1.0059136 , -0.37153247, -0.86059492, -0.93520114,
       -0.26773398,  0.67665713,  0.0569776 ,  0.4480455 , -0.52697921,
       -0.38739419,  0.32799984,  0.58297847, -0.16886168,  0.51180887,
        0.88903837, -0.56839145, -0.80742211,  0.70169273,  0.24292597,
       -0.19972632, -1.41958121, -0.07535283, -0.17930302, -1.30305439]), array([ 0.47027467, -0.40087275,  1.62706124, -1.00059649, -0.85804856,
       -0.68341655, -0.80704102, -1.21983126, -0.31903096, -0.47935844,
       -0.32024946, -0.69923793,  0.06465869,  0.07736463,  0.27145129,
       -1.27668677, -0.33176494,  0.43804296, -0.23520994,  0.4134171 ,
       -1.03941877, -0.62886979,  0.96554808, -0.78274057, -0.90813147,
        1.01258906, -0.35409178, -1.08826804, -1.48370125,  1.4866848 ,
       -0.34876084,  0.47624107, -0.88836528,  1.12360145, -0.53071225,
        0.76821747, -0.69348743, -1.03243201,  1.38904487,  0.61111901,
       -0.32055415, -0.36176008, -0.06389797, -0.36370104,  0.48328184,
        0.18074995,  1.59826641, -0.58033137,  0.48131284,  0.00383991,
       -0.19015386, -0.33242039,  0.11996924,  0.43594121, -0.15092996,
       -0.73532569,  0.37282173,  0.54996619, -0.30364522, -0.82529391,
       -0.0694084 ,  0.31368976,  1.39604949, -0.25591148, -1.10740767,
        0.53229452,  0.23862537, -0.28941829,  0.48353539,  0.89521129,
        0.49878741, -0.36528917, -0.58940372, -0.12591509, -0.76829233,
       -0.33281734,  1.00477317, -0.39764213, -0.88187495, -0.94798431,
       -0.27500505,  0.70929694,  0.03417172,  0.43091958, -0.53737507,
       -0.38375723,  0.27372195,  0.61664742, -0.17885892,  0.53484602,
        0.90222615, -0.62511554, -0.85977568,  0.71096135,  0.18236531,
       -0.16172949, -1.47840056, -0.01308219, -0.16806836, -1.34286008]), array([ 0.49837156, -0.37207046,  1.67958645, -1.01321627, -0.88158197,
       -0.71586942, -0.83811508, -1.27096384, -0.31936942, -0.44042366,
       -0.34412016, -0.71612305,  0.04832713,  0.06870381,  0.2689893 ,
       -1.32852613, -0.28404899,  0.47048113, -0.17785679,  0.42184445,
       -1.09642127, -0.68807416,  0.98221204, -0.73758314, -0.92061125,
        1.03264276, -0.37641318, -1.1324519 , -1.50005845,  1.52008094,
       -0.31592638,  0.44885424, -0.91990992,  1.16947602, -0.51794488,
        0.71375367, -0.72663349, -1.05963671,  1.36728357,  0.62380781,
       -0.32934497, -0.35343412, -0.11922055, -0.34579144,  0.53096644,
        0.18850888,  1.60685056, -0.58601949,  0.4421179 , -0.01616597,
       -0.15257778, -0.40347347,  0.16916163,  0.41976568, -0.11998162,
       -0.77191608,  0.38757036,  0.56765045, -0.33749057, -0.85517706,
       -0.06074246,  0.33847122,  1.42625367, -0.23219884, -1.09492978,
        0.49018441,  0.25810866, -0.22765311,  0.52521842,  0.93645122,
        0.48774788, -0.40397348, -0.60039679, -0.15840709, -0.77873208,
       -0.36041585,  1.00363273, -0.4237518 , -0.90315497, -0.96076748,
       -0.28227612,  0.74193676,  0.01136584,  0.41379365, -0.54777093,
       -0.38012027,  0.21944406,  0.65031638, -0.18885616,  0.55788317,
        0.91541392, -0.68183962, -0.91212924,  0.72022996,  0.12180466,
       -0.12373266, -1.53721991,  0.04918845, -0.1568337 , -1.38266577]), array([ 0.52646845, -0.34326818,  1.73211165, -1.02583604, -0.90511538,
       -0.7483223 , -0.86918913, -1.32209643, -0.31970788, -0.40148887,
       -0.36799085, -0.73300816,  0.03199557,  0.060043  ,  0.2665273 ,
       -1.38036549, -0.23633303,  0.5029193 , -0.12050365,  0.4302718 ,
       -1.15342377, -0.74727852,  0.99887601, -0.6924257 , -0.93309103,
        1.05269646, -0.39873458, -1.17663576, -1.51641564,  1.55347707,
       -0.28309193,  0.42146742, -0.95145456,  1.21535058, -0.50517751,
        0.65928987, -0.75977954, -1.0868414 ,  1.34552226,  0.63649661,
       -0.33813578, -0.34510816, -0.17454313, -0.32788184,  0.57865104,
        0.1962678 ,  1.61543472, -0.59170761,  0.40292296, -0.03617186,
       -0.11500171, -0.47452656,  0.21835402,  0.40359016, -0.08903328,
       -0.80850648,  0.40231899,  0.58533471, -0.37133591, -0.88506021,
       -0.05207653,  0.36325268,  1.45645785, -0.2084862 , -1.08245189,
        0.44807431,  0.27759195, -0.16588794,  0.56690145,  0.97769116,
        0.47670835, -0.4426578 , -0.61138986, -0.1908991 , -0.78917184,
       -0.38801436,  1.0024923 , -0.44986146, -0.924435  , -0.97355065,
       -0.28954719,  0.77457658, -0.01144004,  0.39666773, -0.55816679,
       -0.37648331,  0.16516617,  0.68398534, -0.19885339,  0.58092031,
        0.9286017 , -0.73856371, -0.96448281,  0.72949858,  0.061244  ,
       -0.08573582, -1.59603926,  0.1114591 , -0.14559904, -1.42247146]), array([  5.54565343e-01,  -3.14465896e-01,   1.78463686e+00,
        -1.03845581e+00,  -9.28648791e-01,  -7.80775173e-01,
        -9.00263185e-01,  -1.37322901e+00,  -3.20046337e-01,
        -3.62554077e-01,  -3.91861541e-01,  -7.49893277e-01,
         1.56640112e-02,   5.13821821e-02,   2.64065308e-01,
        -1.43220484e+00,  -1.88617081e-01,   5.35357469e-01,
        -6.31505023e-02,   4.38699145e-01,  -1.21042627e+00,
        -8.06482888e-01,   1.01553997e+00,  -6.47268265e-01,
        -9.45570814e-01,   1.07275016e+00,  -4.21055984e-01,
        -1.22081962e+00,  -1.53277283e+00,   1.58687320e+00,
        -2.50257476e-01,   3.94080592e-01,  -9.82999192e-01,
         1.26122514e+00,  -4.92410133e-01,   6.04826064e-01,
        -7.92925600e-01,  -1.11404609e+00,   1.32376096e+00,
         6.49185413e-01,  -3.46926596e-01,  -3.36782208e-01,
        -2.29865706e-01,  -3.09972247e-01,   6.26335637e-01,
         2.04026727e-01,   1.62401887e+00,  -5.97395731e-01,
         3.63728023e-01,  -5.61777424e-02,  -7.74256304e-02,
        -5.45579639e-01,   2.67546407e-01,   3.87414632e-01,
        -5.80849484e-02,  -8.45096875e-01,   4.17067622e-01,
         6.03018967e-01,  -4.05181259e-01,  -9.14943364e-01,
        -4.34105997e-02,   3.88034144e-01,   1.48666203e+00,
        -1.84773566e-01,  -1.06997400e+00,   4.05964204e-01,
         2.97075236e-01,  -1.04122761e-01,   6.08584480e-01,
         1.01893109e+00,   4.65668825e-01,  -4.81342110e-01,
        -6.22382935e-01,  -2.23391107e-01,  -7.99611597e-01,
        -4.15612871e-01,   1.00135186e+00,  -4.75971129e-01,
        -9.45715026e-01,  -9.86333817e-01,  -2.96818257e-01,
         8.07216391e-01,  -3.42459181e-02,   3.79541806e-01,
        -5.68562649e-01,  -3.72846346e-01,   1.10888287e-01,
         7.17654292e-01,  -2.08850634e-01,   6.03957464e-01,
         9.41789475e-01,  -7.95287793e-01,  -1.01683638e+00,
         7.38767193e-01,   6.83349725e-04,  -4.77389863e-02,
        -1.65485862e+00,   1.73729737e-01,  -1.34364379e-01,
        -1.46227715e+00])]
