[array([ 0.29739575,  0.33158167,  0.73450925,  0.48096714, -0.37882865,
       -0.32466574, -0.45219044,  0.46827195, -0.503655  ,  0.49370055,
        0.12495723, -0.17064131, -0.51766521, -0.56213608,  1.05099061,
        0.44794625,  0.52205164,  0.1493101 , -0.42177364,  1.00297214,
        0.02755491, -0.60919431,  0.08911419,  0.02476464, -0.18724633,
       -0.86388907,  0.15943458, -0.370938  , -0.44919697, -0.75938274,
        0.6570521 ,  0.67380918, -0.37930341,  0.70124932, -0.08569228,
       -0.19393338,  0.98788036, -0.67009674,  0.78906584,  0.63020764,
        0.74794273,  0.62270516,  0.41428553, -0.50281122, -0.37736759,
       -0.76479372,  0.54897274, -1.02740166, -0.20855465,  0.27161621,
       -0.0036447 ,  0.34485484,  0.39730478,  0.47560924,  0.28942108,
        0.18946246, -0.33508061,  0.10495136, -0.79051084,  0.81591165,
        0.47832936,  0.76857129,  0.40124104,  1.21166515,  0.0330939 ,
       -0.52023265, -0.40738987, -0.94455193,  0.01590971,  0.54536589,
       -0.521517  , -0.75815446, -0.60990154,  0.56777608, -0.14934593,
       -0.64284888,  0.14957938, -0.93016054, -0.04918647,  0.21258983,
        0.35025575, -0.58640529, -0.67211454, -0.68251352,  0.74597157,
        0.70348156, -0.08301041,  0.21508311,  0.17546154, -0.74769467,
        0.27687602,  0.21074386, -0.19181644,  1.24039914,  0.60094485,
        0.66172763, -0.60526244, -0.76436176,  0.33784236, -1.04701401]), array([ 0.27205906,  0.34827246,  0.7472705 ,  0.50062667, -0.38042987,
       -0.28809835, -0.46117321,  0.46648611, -0.50559029,  0.5054235 ,
        0.12036754, -0.17799478, -0.50216825, -0.51852905,  1.04958232,
        0.45758622,  0.48174213,  0.14995208, -0.41818235,  1.0142426 ,
        0.03388966, -0.60891075,  0.09245599,  0.06091963, -0.18287168,
       -0.87817215,  0.12241139, -0.41033426, -0.45856628, -0.74309759,
        0.66771704,  0.66540226, -0.39297735,  0.71929025, -0.13213763,
       -0.17246183,  0.94602971, -0.67553851,  0.77266192,  0.6426375 ,
        0.79519625,  0.61641502,  0.40376201, -0.50094319, -0.36888605,
       -0.75462905,  0.52270877, -0.97950568, -0.20607465,  0.25552415,
       -0.04553158,  0.32050399,  0.40671525,  0.45471855,  0.27631433,
        0.21196759, -0.3072359 ,  0.10256648, -0.79244412,  0.79408888,
        0.47625807,  0.77719879,  0.39266498,  1.21736943,  0.01907472,
       -0.54409596, -0.40578121, -0.91469444,  0.00259508,  0.52236259,
       -0.51183263, -0.73854451, -0.62745948,  0.60638478, -0.14158306,
       -0.64656066,  0.15314158, -0.9592265 , -0.01821791,  0.23192831,
        0.38457516, -0.55274384, -0.69516616, -0.65577825,  0.73186849,
        0.71173733, -0.08921977,  0.19866435,  0.13517399, -0.72687736,
        0.27411207,  0.22395844, -0.15217158,  1.22139241,  0.60845222,
        0.7047323 , -0.59383352, -0.77327401,  0.36671765, -1.07213165]), array([ 0.24672237,  0.36496325,  0.76003175,  0.5202862 , -0.3820311 ,
       -0.25153096, -0.47015599,  0.46470026, -0.50752558,  0.51714646,
        0.11577786, -0.18534825, -0.48667129, -0.47492202,  1.04817404,
        0.46722618,  0.44143262,  0.15059406, -0.41459106,  1.02551306,
        0.04022442, -0.60862719,  0.0957978 ,  0.09707462, -0.17849704,
       -0.89245523,  0.0853882 , -0.44973052, -0.46793558, -0.72681243,
        0.67838198,  0.65699535, -0.40665129,  0.73733119, -0.17858299,
       -0.15099028,  0.90417906, -0.68098027,  0.75625799,  0.65506736,
        0.84244977,  0.61012487,  0.39323849, -0.49907516, -0.36040452,
       -0.74446438,  0.49644481, -0.9316097 , -0.20359465,  0.23943209,
       -0.08741845,  0.29615314,  0.41612571,  0.43382786,  0.26320758,
        0.23447272, -0.2793912 ,  0.1001816 , -0.79437741,  0.77226611,
        0.47418678,  0.78582629,  0.38408893,  1.22307371,  0.00505555,
       -0.56795927, -0.40417255, -0.88483695, -0.01071955,  0.4993593 ,
       -0.50214826, -0.71893455, -0.64501742,  0.64499348, -0.13382018,
       -0.65027243,  0.15670377, -0.98829246,  0.01275064,  0.2512668 ,
        0.41889457, -0.5190824 , -0.71821778, -0.62904299,  0.71776541,
        0.7199931 , -0.09542914,  0.1822456 ,  0.09488644, -0.70606006,
        0.27134811,  0.23717302, -0.11252672,  1.20238569,  0.61595959,
        0.74773698, -0.58240461, -0.78218626,  0.39559293, -1.0972493 ]), array([ 0.22138568,  0.38165404,  0.77279299,  0.53994573, -0.38363232,
       -0.21496357, -0.47913877,  0.46291442, -0.50946087,  0.52886941,
        0.11118817, -0.19270172, -0.47117432, -0.43131499,  1.04676576,
        0.47686615,  0.40112312,  0.15123603, -0.41099977,  1.03678352,
        0.04655917, -0.60834364,  0.09913961,  0.13322961, -0.1741224 ,
       -0.90673831,  0.04836501, -0.48912678, -0.47730488, -0.71052728,
        0.68904693,  0.64858843, -0.42032523,  0.75537212, -0.22502835,
       -0.12951873,  0.86232842, -0.68642203,  0.73985406,  0.66749721,
        0.8897033 ,  0.60383472,  0.38271497, -0.49720713, -0.35192299,
       -0.73429971,  0.47018085, -0.88371372, -0.20111465,  0.22334002,
       -0.12930532,  0.27180229,  0.42553617,  0.41293717,  0.25010083,
        0.25697785, -0.25154649,  0.09779672, -0.79631069,  0.75044333,
        0.47211548,  0.79445379,  0.37551287,  1.228778  , -0.00896363,
       -0.59182258, -0.40256389, -0.85497947, -0.02403418,  0.476356  ,
       -0.4924639 , -0.6993246 , -0.66257535,  0.68360217, -0.1260573 ,
       -0.65398421,  0.16026596, -1.01735841,  0.0437192 ,  0.27060528,
        0.45321398, -0.48542095, -0.7412694 , -0.60230772,  0.70366233,
        0.72824887, -0.1016385 ,  0.16582684,  0.05459888, -0.68524275,
        0.26858416,  0.25038759, -0.07288187,  1.18337897,  0.62346695,
        0.79074165, -0.5709757 , -0.79109851,  0.42446822, -1.12236695]), array([ 0.19604899,  0.39834483,  0.78555424,  0.55960527, -0.38523354,
       -0.17839617, -0.48812155,  0.46112857, -0.51139616,  0.54059237,
        0.10659848, -0.2000552 , -0.45567736, -0.38770797,  1.04535748,
        0.48650612,  0.36081361,  0.15187801, -0.40740848,  1.04805398,
        0.05289393, -0.60806008,  0.10248142,  0.1693846 , -0.16974776,
       -0.92102139,  0.01134182, -0.52852304, -0.48667419, -0.69424213,
        0.69971187,  0.64018151, -0.43399917,  0.77341306, -0.27147371,
       -0.10804718,  0.82047777, -0.69186379,  0.72345013,  0.67992707,
        0.93695682,  0.59754458,  0.37219144, -0.4953391 , -0.34344146,
       -0.72413505,  0.44391688, -0.83581774, -0.19863465,  0.20724796,
       -0.1711922 ,  0.24745144,  0.43494664,  0.39204648,  0.23699408,
        0.27948298, -0.22370179,  0.09541184, -0.79824397,  0.72862056,
        0.47004419,  0.80308129,  0.36693681,  1.23448228, -0.02298281,
       -0.61568589, -0.40095523, -0.82512198, -0.0373488 ,  0.4533527 ,
       -0.48277953, -0.67971465, -0.68013329,  0.72221087, -0.11829443,
       -0.65769598,  0.16382815, -1.04642437,  0.07468775,  0.28994377,
        0.4875334 , -0.45175951, -0.76432102, -0.57557246,  0.68955925,
        0.73650464, -0.10784786,  0.14940809,  0.01431133, -0.66442544,
        0.2658202 ,  0.26360217, -0.03323701,  1.16437224,  0.63097432,
        0.83374632, -0.55954679, -0.80001076,  0.4533435 , -1.14748459]), array([ 0.1707123 ,  0.41503562,  0.79831549,  0.5792648 , -0.38683476,
       -0.14182878, -0.49710433,  0.45934273, -0.51333145,  0.55231532,
        0.1020088 , -0.20740867, -0.4401804 , -0.34410094,  1.0439492 ,
        0.49614609,  0.3205041 ,  0.15251999, -0.40381719,  1.05932444,
        0.05922868, -0.60777652,  0.10582323,  0.20553959, -0.16537311,
       -0.93530448, -0.02568137, -0.5679193 , -0.49604349, -0.67795698,
        0.71037681,  0.63177459, -0.44767311,  0.791454  , -0.31791907,
       -0.08657563,  0.77862713, -0.69730555,  0.70704621,  0.69235692,
        0.98421034,  0.59125443,  0.36166792, -0.49347107, -0.33495992,
       -0.71397038,  0.41765292, -0.78792176, -0.19615465,  0.1911559 ,
       -0.21307907,  0.22310059,  0.4443571 ,  0.37115579,  0.22388734,
        0.30198812, -0.19585708,  0.09302696, -0.80017725,  0.70679779,
        0.4679729 ,  0.81170878,  0.35836076,  1.24018657, -0.03700199,
       -0.6395492 , -0.39934657, -0.79526449, -0.05066343,  0.43034941,
       -0.47309516, -0.6601047 , -0.69769123,  0.76081957, -0.11053155,
       -0.66140776,  0.16739035, -1.07549033,  0.10565631,  0.30928226,
        0.52185281, -0.41809806, -0.78737263, -0.54883719,  0.67545617,
        0.74476041, -0.11405723,  0.13298933, -0.02597622, -0.64360813,
        0.26305625,  0.27681675,  0.00640784,  1.14536552,  0.63848169,
        0.876751  , -0.54811787, -0.80892301,  0.48221879, -1.17260224]), array([ 0.14537562,  0.43172641,  0.81107674,  0.59892433, -0.38843598,
       -0.10526139, -0.50608711,  0.45755688, -0.51526674,  0.56403828,
        0.09741911, -0.21476214, -0.42468344, -0.30049391,  1.04254092,
        0.50578606,  0.28019459,  0.15316196, -0.40022589,  1.0705949 ,
        0.06556343, -0.60749297,  0.10916503,  0.24169457, -0.16099847,
       -0.94958756, -0.06270457, -0.60731556, -0.5054128 , -0.66167183,
        0.72104175,  0.62336767, -0.46134705,  0.80949493, -0.36436443,
       -0.06510408,  0.73677648, -0.70274731,  0.69064228,  0.70478678,
        1.03146387,  0.58496428,  0.3511444 , -0.49160304, -0.32647839,
       -0.70380571,  0.39138896, -0.74002578, -0.19367465,  0.17506383,
       -0.25496594,  0.19874973,  0.45376757,  0.3502651 ,  0.21078059,
        0.32449325, -0.16801237,  0.09064207, -0.80211053,  0.68497502,
        0.4659016 ,  0.82033628,  0.3497847 ,  1.24589085, -0.05102117,
       -0.66341251, -0.39773791, -0.765407  , -0.06397806,  0.40734611,
       -0.46341079, -0.64049475, -0.71524916,  0.79942827, -0.10276868,
       -0.66511954,  0.17095254, -1.10455629,  0.13662486,  0.32862074,
        0.55617222, -0.38443662, -0.81042425, -0.52210193,  0.66135309,
        0.75301618, -0.12026659,  0.11657057, -0.06626377, -0.62279082,
        0.26029229,  0.29003133,  0.0460527 ,  1.12635879,  0.64598906,
        0.91975567, -0.53668896, -0.81783526,  0.51109407, -1.19771989]), array([ 0.12003893,  0.44841721,  0.82383798,  0.61858386, -0.3900372 ,
       -0.068694  , -0.51506988,  0.45577104, -0.51720203,  0.57576123,
        0.09282943, -0.22211562, -0.40918648, -0.25688688,  1.04113264,
        0.51542602,  0.23988508,  0.15380394, -0.3966346 ,  1.08186536,
        0.07189819, -0.60720941,  0.11250684,  0.27784956, -0.15662383,
       -0.96387064, -0.09972776, -0.64671182, -0.5147821 , -0.64538668,
        0.7317067 ,  0.61496075, -0.47502099,  0.82753587, -0.41080978,
       -0.04363253,  0.69492583, -0.70818907,  0.67423835,  0.71721664,
        1.07871739,  0.57867414,  0.34062088, -0.48973501, -0.31799686,
       -0.69364104,  0.36512499, -0.6921298 , -0.19119464,  0.15897177,
       -0.29685282,  0.17439888,  0.46317803,  0.32937441,  0.19767384,
        0.34699838, -0.14016767,  0.08825719, -0.80404381,  0.66315224,
        0.46383031,  0.82896378,  0.34120864,  1.25159514, -0.06504034,
       -0.68727582, -0.39612925, -0.73554951, -0.07729269,  0.38434282,
       -0.45372642, -0.62088479, -0.7328071 ,  0.83803697, -0.0950058 ,
       -0.66883131,  0.17451473, -1.13362225,  0.16759342,  0.34795923,
        0.59049163, -0.35077517, -0.83347587, -0.49536666,  0.64725001,
        0.76127195, -0.12647596,  0.10015182, -0.10655133, -0.60197351,
        0.25752833,  0.30324591,  0.08569756,  1.10735207,  0.65349643,
        0.96276035, -0.52526005, -0.82674751,  0.53996936, -1.22283753]), array([ 0.09470224,  0.465108  ,  0.83659923,  0.63824339, -0.39163842,
       -0.03212661, -0.52405266,  0.45398519, -0.51913732,  0.58748419,
        0.08823974, -0.22946909, -0.39368952, -0.21327985,  1.03972436,
        0.52506599,  0.19957558,  0.15444592, -0.39304331,  1.09313582,
        0.07823294, -0.60692585,  0.11584865,  0.31400455, -0.15224919,
       -0.97815372, -0.13675095, -0.68610808, -0.5241514 , -0.62910153,
        0.74237164,  0.60655383, -0.48869493,  0.8455768 , -0.45725514,
       -0.02216098,  0.65307519, -0.71363084,  0.65783443,  0.72964649,
        1.12597091,  0.57238399,  0.33009736, -0.48786698, -0.30951532,
       -0.68347638,  0.33886103, -0.64423382, -0.18871464,  0.14287971,
       -0.33873969,  0.15004803,  0.4725885 ,  0.30848372,  0.18456709,
        0.36950351, -0.11232296,  0.08587231, -0.80597709,  0.64132947,
        0.46175902,  0.83759128,  0.33263259,  1.25729942, -0.07905952,
       -0.71113913, -0.39452059, -0.70569202, -0.09060732,  0.36133952,
       -0.44404205, -0.60127484, -0.75036504,  0.87664566, -0.08724293,
       -0.67254309,  0.17807692, -1.16268821,  0.19856198,  0.36729771,
        0.62481105, -0.31711373, -0.85652749, -0.4686314 ,  0.63314693,
        0.76952772, -0.13268532,  0.08373306, -0.14683888, -0.58115621,
        0.25476438,  0.31646049,  0.12534241,  1.08834535,  0.6610038 ,
        1.00576502, -0.51383113, -0.83565976,  0.56884464, -1.24795518]), array([  6.93655501e-02,   4.81798787e-01,   8.49360476e-01,
         6.57902926e-01,  -3.93239645e-01,   4.44078101e-03,
        -5.33035441e-01,   4.52199347e-01,  -5.21072607e-01,
         5.99207142e-01,   8.36500562e-02,  -2.36822563e-01,
        -3.78192554e-01,  -1.69672826e-01,   1.03831608e+00,
         5.34705961e-01,   1.59266067e-01,   1.55087894e-01,
        -3.89452021e-01,   1.10440629e+00,   8.45676965e-02,
        -6.06642296e-01,   1.19190459e-01,   3.50159540e-01,
        -1.47874543e-01,  -9.92436800e-01,  -1.73774139e-01,
        -7.25504344e-01,  -5.33520706e-01,  -6.12816378e-01,
         7.53036581e-01,   5.98146915e-01,  -5.02368875e-01,
         8.63617738e-01,  -5.03700501e-01,  -6.89425684e-04,
         6.11224541e-01,  -7.19072597e-01,   6.41430498e-01,
         7.42076347e-01,   1.17322444e+00,   5.66093845e-01,
         3.19573842e-01,  -4.85998953e-01,  -3.01033789e-01,
        -6.73311710e-01,   3.12597069e-01,  -5.96337841e-01,
        -1.86234645e-01,   1.26787642e-01,  -3.80626561e-01,
         1.25697180e-01,   4.81998960e-01,   2.87593027e-01,
         1.71460342e-01,   3.92008639e-01,  -8.44782575e-02,
         8.34874308e-02,  -8.07910372e-01,   6.19506699e-01,
         4.59687725e-01,   8.46218777e-01,   3.24056531e-01,
         1.26300371e+00,  -9.30787014e-02,  -7.35002439e-01,
        -3.92911924e-01,  -6.75834534e-01,  -1.03921949e-01,
         3.38336224e-01,  -4.34357678e-01,  -5.81664888e-01,
        -7.67922973e-01,   9.15254363e-01,  -7.94800520e-02,
        -6.76254866e-01,   1.81639114e-01,  -1.19175417e+00,
         2.29530530e-01,   3.86636199e-01,   6.59130459e-01,
        -2.83452281e-01,  -8.79579110e-01,  -4.41896130e-01,
         6.19043847e-01,   7.77783494e-01,  -1.38894685e-01,
         6.73143086e-02,  -1.87126434e-01,  -5.60338898e-01,
         2.52000424e-01,   3.29675065e-01,   1.64987268e-01,
         1.06933862e+00,   6.68511163e-01,   1.04876969e+00,
        -5.02402220e-01,  -8.44572008e-01,   5.97719926e-01,
        -1.27307283e+00]), array([ 0.04402886,  0.49848958,  0.86212172,  0.67756246, -0.39484087,
        0.04100817, -0.54201822,  0.4504135 , -0.5230079 ,  0.6109301 ,
        0.07906037, -0.24417604, -0.36269559, -0.1260658 ,  1.03690779,
        0.54434593,  0.11895656,  0.15572987, -0.38586073,  1.11567675,
        0.09090245, -0.60635874,  0.12253227,  0.38631453, -0.1434999 ,
       -1.00671988, -0.21079733, -0.7649006 , -0.54289001, -0.59653123,
        0.76370152,  0.58974   , -0.51604282,  0.88165867, -0.55014586,
        0.02078213,  0.56937389, -0.72451436,  0.62502657,  0.7545062 ,
        1.22047796,  0.5598037 ,  0.30905032, -0.48413092, -0.29255226,
       -0.66314704,  0.28633311, -0.54844186, -0.18375464,  0.11069558,
       -0.42251343,  0.10134633,  0.49140942,  0.26670234,  0.15835359,
        0.41451377, -0.05663355,  0.08110255, -0.80984365,  0.59768393,
        0.45761643,  0.85484628,  0.31548047,  1.26870799, -0.10709788,
       -0.75886575, -0.39130326, -0.64597705, -0.11723658,  0.31533293,
       -0.42467331, -0.56205494, -0.78548091,  0.95386306, -0.07171718,
       -0.67996664,  0.18520131, -1.22082013,  0.26049909,  0.40597468,
        0.69344987, -0.24979084, -0.90263073, -0.41516087,  0.60494077,
        0.78603927, -0.14510405,  0.05089555, -0.22741399, -0.53952159,
        0.24923647,  0.34288964,  0.20463212,  1.0503319 ,  0.67601853,
        1.09177437, -0.49097331, -0.85348426,  0.62659521, -1.29819048]), array([ 0.01869217,  0.51518037,  0.87488297,  0.69722199, -0.39644209,
        0.07757556, -0.551001  ,  0.44862766, -0.52494319,  0.62265305,
        0.07447069, -0.25152951, -0.34719863, -0.08245877,  1.03549951,
        0.5539859 ,  0.07864705,  0.15637185, -0.38226944,  1.12694721,
        0.0972372 , -0.60607518,  0.12587408,  0.42246952, -0.13912526,
       -1.02100296, -0.24782052, -0.80429687, -0.55225931, -0.58024608,
        0.77436647,  0.58133308, -0.52971676,  0.89969961, -0.59659122,
        0.04225368,  0.52752325, -0.72995612,  0.60862264,  0.76693606,
        1.26773148,  0.55351355,  0.2985268 , -0.48226289, -0.28407072,
       -0.65298238,  0.26006914, -0.50054588, -0.18127464,  0.09460351,
       -0.46440031,  0.07699548,  0.50081989,  0.24581165,  0.14524685,
        0.4370189 , -0.02878885,  0.07871767, -0.81177693,  0.57586115,
        0.45554514,  0.86347377,  0.30690442,  1.27441228, -0.12111706,
       -0.78272906, -0.3896946 , -0.61611956, -0.13055121,  0.29232963,
       -0.41498894, -0.54244498, -0.80303885,  0.99247176, -0.0639543 ,
       -0.68367842,  0.1887635 , -1.24988609,  0.29146764,  0.42531317,
        0.72776928, -0.21612939, -0.92568235, -0.3884256 ,  0.59083769,
        0.79429504, -0.15131341,  0.0344768 , -0.26770154, -0.51870428,
        0.24647251,  0.35610422,  0.24427698,  1.03132517,  0.6835259 ,
        1.13477904, -0.47954439, -0.86239651,  0.6554705 , -1.32330812]), array([ -6.64451600e-03,   5.31871160e-01,   8.87644217e-01,
         7.16881522e-01,  -3.98043309e-01,   1.14142954e-01,
        -5.59983777e-01,   4.46841813e-01,  -5.26878475e-01,
         6.34376008e-01,   6.98809995e-02,  -2.58882982e-01,
        -3.31701670e-01,  -3.88517422e-02,   1.03409123e+00,
         5.63625865e-01,   3.83375428e-02,   1.57013824e-01,
        -3.78678147e-01,   1.13821767e+00,   1.03571959e-01,
        -6.05791626e-01,   1.29215883e-01,   4.58624506e-01,
        -1.34750616e-01,  -1.03528604e+00,  -2.84843713e-01,
        -8.43693126e-01,  -5.61628617e-01,  -5.63960925e-01,
         7.85031408e-01,   5.72926159e-01,  -5.43390698e-01,
         9.17740544e-01,  -6.43036576e-01,   6.37252271e-02,
         4.85672602e-01,  -7.35397881e-01,   5.92218716e-01,
         7.79365915e-01,   1.31498501e+00,   5.47223405e-01,
         2.88003281e-01,  -4.80394865e-01,  -2.75589190e-01,
        -6.42817708e-01,   2.33805179e-01,  -4.52649902e-01,
        -1.78794644e-01,   7.85114510e-02,  -5.06287179e-01,
         5.26446265e-02,   5.10230353e-01,   2.24920957e-01,
         1.32140097e-01,   4.59524032e-01,  -9.44140700e-04,
         7.63327874e-02,  -8.13710215e-01,   5.54038383e-01,
         4.53473845e-01,   8.72101271e-01,   2.98328361e-01,
         1.28011656e+00,  -1.35136236e-01,  -8.06592369e-01,
        -3.88085942e-01,  -5.86262069e-01,  -1.43865835e-01,
         2.69326336e-01,  -4.05304570e-01,  -5.22835032e-01,
        -8.20596783e-01,   1.03108046e+00,  -5.61914257e-02,
        -6.87390195e-01,   1.92325691e-01,  -1.27895205e+00,
         3.22436196e-01,   4.44651656e-01,   7.62088696e-01,
        -1.82467945e-01,  -9.48733967e-01,  -3.61690336e-01,
         5.76734606e-01,   8.02550807e-01,  -1.57522777e-01,
         1.80580427e-02,  -3.07989093e-01,  -4.97886972e-01,
         2.43708558e-01,   3.69318799e-01,   2.83921837e-01,
         1.01231845e+00,   6.91033267e-01,   1.17778372e+00,
        -4.68115481e-01,  -8.71308758e-01,   6.84345780e-01,
        -1.34842577e+00]), array([-0.0319812 ,  0.54856195,  0.90040546,  0.73654105, -0.39964453,
        0.15071035, -0.56896656,  0.44505597, -0.52881376,  0.64609896,
        0.06529131, -0.26623645, -0.31620471,  0.00475529,  1.03268295,
        0.57326583, -0.00197197,  0.1576558 , -0.37508686,  1.14948813,
        0.10990671, -0.60550807,  0.13255769,  0.49477949, -0.13037597,
       -1.04956912, -0.3218669 , -0.88308939, -0.57099792, -0.54767577,
        0.79569635,  0.56451924, -0.55706464,  0.93578148, -0.68948193,
        0.08519678,  0.44382196, -0.74083964,  0.57581479,  0.79179577,
        1.36223853,  0.54093326,  0.27747976, -0.47852684, -0.26710766,
       -0.63265304,  0.20754122, -0.40475392, -0.17631464,  0.06241939,
       -0.54817405,  0.02829378,  0.51964082,  0.20403027,  0.11903335,
        0.48202916,  0.02690056,  0.07394791, -0.8156435 ,  0.53221561,
        0.45140255,  0.88072877,  0.2897523 ,  1.28582084, -0.14915541,
       -0.83045568, -0.38647728, -0.55640458, -0.15718046,  0.24632304,
       -0.3956202 , -0.50322508, -0.83815472,  1.06968916, -0.04842855,
       -0.69110197,  0.19588788, -1.30801801,  0.35340475,  0.46399014,
        0.79640811, -0.1488065 , -0.97178559, -0.33495507,  0.56263153,
        0.81080658, -0.16373214,  0.00163929, -0.34827665, -0.47706966,
        0.2409446 ,  0.38253338,  0.32356669,  0.99331172,  0.69854064,
        1.22078839, -0.45668657, -0.88022101,  0.71322107, -1.37354342]), array([-0.05731789,  0.56525274,  0.91316671,  0.75620059, -0.40124575,
        0.18727774, -0.57794933,  0.44327012, -0.53074905,  0.65782192,
        0.06070163, -0.27358993, -0.30070775,  0.04836231,  1.03127467,
        0.5829058 , -0.04228147,  0.15829778, -0.37149556,  1.16075859,
        0.11624147, -0.60522451,  0.1358995 ,  0.53093448, -0.12600133,
       -1.06385221, -0.3588901 , -0.92248565, -0.58036722, -0.53139062,
        0.80636129,  0.55611232, -0.57073858,  0.95382242, -0.73592729,
        0.10666833,  0.40197131, -0.7462814 ,  0.55941086,  0.80422563,
        1.40949206,  0.53464311,  0.26695624, -0.47665881, -0.25862612,
       -0.62248837,  0.18127725, -0.35685794, -0.17383464,  0.04632732,
       -0.59006093,  0.00394292,  0.52905128,  0.18313958,  0.1059266 ,
        0.50453429,  0.05474527,  0.07156303, -0.81757678,  0.51039284,
        0.44933126,  0.88935627,  0.28117625,  1.29152513, -0.16317459,
       -0.85431899, -0.38486862, -0.52654709, -0.17049509,  0.22331974,
       -0.38593583, -0.48361513, -0.85571266,  1.10829785, -0.04066567,
       -0.69481375,  0.19945008, -1.33708396,  0.38437331,  0.48332863,
        0.83072752, -0.11514505, -0.99483721, -0.30821981,  0.54852845,
        0.81906235, -0.1699415 , -0.01477947, -0.3885642 , -0.45625236,
        0.23818065,  0.39574796,  0.36321155,  0.974305  ,  0.706048  ,
        1.26379306, -0.44525765, -0.88913326,  0.74209635, -1.39866106]), array([-0.08265458,  0.58194353,  0.92592796,  0.77586012, -0.40284697,
        0.22384513, -0.58693211,  0.44148428, -0.53268434,  0.66954487,
        0.05611194, -0.2809434 , -0.28521078,  0.09196934,  1.02986639,
        0.59254577, -0.08259098,  0.15893976, -0.36790427,  1.17202905,
        0.12257622, -0.60494095,  0.13924131,  0.56708947, -0.12162669,
       -1.07813529, -0.39591329, -0.96188191, -0.58973653, -0.51510547,
        0.81702624,  0.5477054 , -0.58441252,  0.97186335, -0.78237265,
        0.12813988,  0.36012066, -0.75172316,  0.54300693,  0.81665548,
        1.45674558,  0.52835297,  0.25643272, -0.47479078, -0.25014459,
       -0.61232371,  0.15501329, -0.30896196, -0.17135464,  0.03023526,
       -0.6319478 , -0.02040793,  0.53846175,  0.16224889,  0.09281985,
        0.52703942,  0.08258998,  0.06917814, -0.81951006,  0.48857007,
        0.44725997,  0.89798377,  0.27260019,  1.29722941, -0.17719377,
       -0.8781823 , -0.38325996, -0.4966896 , -0.18380972,  0.20031645,
       -0.37625146, -0.46400517, -0.87327059,  1.14690655, -0.0329028 ,
       -0.69852552,  0.20301227, -1.36614992,  0.41534186,  0.50266711,
        0.86504693, -0.08148361, -1.01788882, -0.28148454,  0.53442537,
        0.82731812, -0.17615087, -0.03119822, -0.42885175, -0.43543505,
        0.23541669,  0.40896253,  0.4028564 ,  0.95529828,  0.71355537,
        1.30679774, -0.43382874, -0.89804551,  0.77097163, -1.42377871]), array([-0.10799127,  0.59863432,  0.9386892 ,  0.79551965, -0.40444819,
        0.26041252, -0.59591489,  0.43969843, -0.53461963,  0.68126783,
        0.05152226, -0.28829687, -0.26971382,  0.13557637,  1.02845811,
        0.60218574, -0.12290049,  0.15958173, -0.36431298,  1.18329951,
        0.12891097, -0.6046574 ,  0.14258312,  0.60324446, -0.11725205,
       -1.09241837, -0.43293648, -1.00127817, -0.59910583, -0.49882032,
        0.82769118,  0.53929848, -0.59808646,  0.98990429, -0.82881801,
        0.14961143,  0.31827002, -0.75716493,  0.52660301,  0.82908534,
        1.5039991 ,  0.52206282,  0.2459092 , -0.47292275, -0.24166306,
       -0.60215904,  0.12874933, -0.26106598, -0.16887464,  0.0141432 ,
       -0.67383467, -0.04475878,  0.54787221,  0.1413582 ,  0.0797131 ,
        0.54954456,  0.11043468,  0.06679326, -0.82144334,  0.46674729,
        0.44518867,  0.90661126,  0.26402413,  1.3029337 , -0.19121295,
       -0.90204561, -0.3816513 , -0.46683211, -0.19712435,  0.17731315,
       -0.36656709, -0.44439522, -0.89082853,  1.18551525, -0.02513992,
       -0.7022373 ,  0.20657446, -1.39521588,  0.44631042,  0.5220056 ,
        0.89936635, -0.04782216, -1.04094044, -0.25474928,  0.52032229,
        0.83557389, -0.18236023, -0.04761698, -0.46913931, -0.41461774,
        0.23265274,  0.42217711,  0.44250126,  0.93629155,  0.72106274,
        1.34980241, -0.42239983, -0.90695776,  0.79984692, -1.44889636]), array([-0.13332796,  0.61532512,  0.95145045,  0.81517918, -0.40604942,
        0.29697991, -0.60489767,  0.43791259, -0.53655492,  0.69299078,
        0.04693257, -0.29565035, -0.25421686,  0.1791834 ,  1.02704983,
        0.61182571, -0.16321   ,  0.16022371, -0.36072169,  1.19456997,
        0.13524573, -0.60437384,  0.14592492,  0.63939945, -0.1128774 ,
       -1.10670145, -0.46995967, -1.04067443, -0.60847513, -0.48253517,
        0.83835612,  0.53089157, -0.6117604 ,  1.00794522, -0.87526337,
        0.17108298,  0.27641937, -0.76260669,  0.51019908,  0.84151519,
        1.55125263,  0.51577267,  0.23538568, -0.47105472, -0.23318152,
       -0.59199437,  0.10248536, -0.21317   , -0.16639464, -0.00194887,
       -0.71572154, -0.06910963,  0.55728267,  0.12046751,  0.06660635,
        0.57204969,  0.13827939,  0.06440838, -0.82337662,  0.44492452,
        0.44311738,  0.91523876,  0.25544808,  1.30863798, -0.20523213,
       -0.92590892, -0.38004264, -0.43697463, -0.21043898,  0.15430986,
       -0.35688272, -0.42478527, -0.90838647,  1.22412395, -0.01737705,
       -0.70594908,  0.21013665, -1.42428184,  0.47727897,  0.54134408,
        0.93368576, -0.01416072, -1.06399206, -0.22801401,  0.50621921,
        0.84382966, -0.1885696 , -0.06403573, -0.50942686, -0.39380043,
        0.22988878,  0.43539169,  0.48214612,  0.91728483,  0.72857011,
        1.39280709, -0.41097092, -0.91587001,  0.8287222 , -1.474014  ]), array([-0.15866465,  0.63201591,  0.9642117 ,  0.83483871, -0.40765064,
        0.3335473 , -0.61388045,  0.43612674, -0.53849021,  0.70471374,
        0.04234289, -0.30300382, -0.2387199 ,  0.22279043,  1.02564155,
        0.62146567, -0.20351951,  0.16086569, -0.3571304 ,  1.20584043,
        0.14158048, -0.60409028,  0.14926673,  0.67555444, -0.10850276,
       -1.12098453, -0.50698286, -1.08007069, -0.61784444, -0.46625002,
        0.84902106,  0.52248465, -0.62543434,  1.02598616, -0.92170873,
        0.19255453,  0.23456873, -0.76804845,  0.49379515,  0.85394505,
        1.59850615,  0.50948253,  0.22486216, -0.46918669, -0.22469999,
       -0.5818297 ,  0.0762214 , -0.16527402, -0.16391464, -0.01804093,
       -0.75760842, -0.09346048,  0.56669314,  0.09957682,  0.05349961,
        0.59455482,  0.16612409,  0.0620235 , -0.8253099 ,  0.42310175,
        0.44104609,  0.92386626,  0.24687202,  1.31434227, -0.21925131,
       -0.94977223, -0.37843398, -0.40711714, -0.22375361,  0.13130656,
       -0.34719835, -0.40517532, -0.9259444 ,  1.26273265, -0.00961417,
       -0.70966085,  0.21369885, -1.4533478 ,  0.50824753,  0.56068257,
        0.96800517,  0.01950073, -1.08704368, -0.20127875,  0.49211613,
        0.85208543, -0.19477896, -0.08045449, -0.54971441, -0.37298312,
        0.22712483,  0.44860627,  0.52179097,  0.8982781 ,  0.73607748,
        1.43581176, -0.399542  , -0.92478226,  0.85759749, -1.49913165]), array([-0.18400134,  0.6487067 ,  0.97697295,  0.85449825, -0.40925186,
        0.37011469, -0.62286323,  0.4343409 , -0.5404255 ,  0.71643669,
        0.0377532 , -0.31035729, -0.22322294,  0.26639745,  1.02423326,
        0.63110564, -0.24382901,  0.16150766, -0.35353911,  1.21711089,
        0.14791524, -0.60380673,  0.15260854,  0.71170943, -0.10412812,
       -1.13526761, -0.54400605, -1.11946695, -0.62721374, -0.44996487,
        0.85968601,  0.51407773, -0.63910829,  1.04402709, -0.96815408,
        0.21402608,  0.19271808, -0.77349021,  0.47739122,  0.86637491,
        1.64575967,  0.50319238,  0.21433864, -0.46731866, -0.21621846,
       -0.57166504,  0.04995744, -0.11737804, -0.16143464, -0.03413299,
       -0.79949529, -0.11781133,  0.5761036 ,  0.07868613,  0.04039286,
        0.61705995,  0.1939688 ,  0.05963862, -0.82724318,  0.40127898,
        0.43897479,  0.93249376,  0.23829596,  1.32004655, -0.23327048,
       -0.97363554, -0.37682532, -0.37725965, -0.23706824,  0.10830326,
       -0.33751398, -0.38556537, -0.94350234,  1.30134134, -0.0018513 ,
       -0.71337263,  0.21726104, -1.48241376,  0.53921608,  0.58002106,
        1.00232458,  0.05316217, -1.1100953 , -0.17454348,  0.47801305,
        0.8603412 , -0.20098832, -0.09687324, -0.59000197, -0.35216581,
        0.22436087,  0.46182085,  0.56143583,  0.87927138,  0.74358484,
        1.47881643, -0.38811309, -0.93369451,  0.88647277, -1.5242493 ]), array([-0.20933803,  0.66539749,  0.98973419,  0.87415778, -0.41085308,
        0.40668208, -0.631846  ,  0.43255505, -0.54236079,  0.72815965,
        0.03316351, -0.31771077, -0.20772598,  0.31000448,  1.02282498,
        0.64074561, -0.28413852,  0.16214964, -0.34994782,  1.22838135,
        0.15424999, -0.60352317,  0.15595035,  0.74786442, -0.09975348,
       -1.14955069, -0.58102924, -1.15886321, -0.63658304, -0.43367972,
        0.87035095,  0.50567081, -0.65278223,  1.06206803, -1.01459944,
        0.23549763,  0.15086743, -0.77893197,  0.4609873 ,  0.87880476,
        1.6930132 ,  0.49690223,  0.20381512, -0.46545063, -0.20773692,
       -0.56150037,  0.02369347, -0.06948207, -0.15895464, -0.05022506,
       -0.84138216, -0.14216218,  0.58551407,  0.05779544,  0.02728611,
        0.63956508,  0.2218135 ,  0.05725374, -0.82917646,  0.3794562 ,
        0.4369035 ,  0.94112126,  0.22971991,  1.32575084, -0.24728966,
       -0.99749885, -0.37521666, -0.34740216, -0.25038287,  0.08529997,
       -0.32782961, -0.36595541, -0.96106028,  1.33995004,  0.00591158,
       -0.7170844 ,  0.22082323, -1.51147972,  0.57018464,  0.59935954,
        1.036644  ,  0.08682362, -1.13314692, -0.14780822,  0.46390997,
        0.86859697, -0.20719769, -0.113292  , -0.63028952, -0.33134851,
        0.22159691,  0.47503543,  0.60108069,  0.86026466,  0.75109221,
        1.52182111, -0.37668418, -0.94260676,  0.91534806, -1.54936694]), array([-0.23467471,  0.68208828,  1.00249544,  0.89381731, -0.4124543 ,
        0.44324947, -0.64082878,  0.43076921, -0.54429608,  0.7398826 ,
        0.02857383, -0.32506424, -0.19222902,  0.35361151,  1.0214167 ,
        0.65038558, -0.32444803,  0.16279162, -0.34635652,  1.23965182,
        0.16058474, -0.60323961,  0.15929216,  0.7840194 , -0.09537883,
       -1.16383377, -0.61805244, -1.19825947, -0.64595235, -0.41739457,
        0.88101589,  0.49726389, -0.66645617,  1.08010896, -1.0610448 ,
        0.25696919,  0.10901679, -0.78437373,  0.44458337,  0.89123462,
        1.74026672,  0.49061209,  0.1932916 , -0.4635826 , -0.19925539,
       -0.5513357 , -0.00257049, -0.02158609, -0.15647464, -0.06631712,
       -0.88326904, -0.16651303,  0.59492453,  0.03690475,  0.01417936,
        0.66207021,  0.24965821,  0.05486886, -0.83110974,  0.35763343,
        0.43483221,  0.94974875,  0.22114385,  1.33145512, -0.26130884,
       -1.02136216, -0.37360799, -0.31754467, -0.26369749,  0.06229667,
       -0.31814524, -0.34634546, -0.97861821,  1.37855874,  0.01367445,
       -0.72079618,  0.22438542, -1.54054568,  0.60115319,  0.61869803,
        1.07096341,  0.12048506, -1.15619854, -0.12107295,  0.44980689,
        0.87685274, -0.21340705, -0.12971075, -0.67057707, -0.3105312 ,
        0.21883296,  0.48825   ,  0.64072554,  0.84125793,  0.75859958,
        1.56482578, -0.36525526, -0.95151901,  0.94422334, -1.57448459]), array([ -2.60011403e-01,   6.98779070e-01,   1.01525669e+00,
         9.13476842e-01,  -4.14055523e-01,   4.79816866e-01,
        -6.49811561e-01,   4.28983364e-01,  -5.46231368e-01,
         7.51605559e-01,   2.39841436e-02,  -3.32417712e-01,
        -1.76732054e-01,   3.97218537e-01,   1.02000842e+00,
         6.60025546e-01,  -3.64757538e-01,   1.63433593e-01,
        -3.42765233e-01,   1.25092228e+00,   1.66919498e-01,
        -6.02956057e-01,   1.62633964e-01,   8.20174393e-01,
        -9.10041903e-02,  -1.17811685e+00,  -6.55075627e-01,
        -1.23765573e+00,  -6.55321652e-01,  -4.01109416e-01,
         8.91680833e-01,   4.88856973e-01,  -6.80130109e-01,
         1.09814990e+00,  -1.10749016e+00,   2.78440736e-01,
         6.71661405e-02,  -7.89815494e-01,   4.28179442e-01,
         9.03664474e-01,   1.78752024e+00,   4.84321939e-01,
         1.82768076e-01,  -4.61714571e-01,  -1.90773858e-01,
        -5.41171035e-01,  -2.88344527e-02,   2.63098940e-02,
        -1.53994644e-01,  -8.24091852e-02,  -9.25155908e-01,
        -1.90863886e-01,   6.04334995e-01,   1.60140572e-02,
         1.07261278e-03,   6.84575340e-01,   2.77502915e-01,
         5.24839759e-02,  -8.33043026e-01,   3.35810660e-01,
         4.32760914e-01,   9.58376252e-01,   2.12567795e-01,
         1.33715941e+00,  -2.75328018e-01,  -1.04522547e+00,
        -3.71999334e-01,  -2.87687184e-01,  -2.77012123e-01,
         3.92933759e-02,  -3.08460875e-01,  -3.26735509e-01,
        -9.96176151e-01,   1.41716744e+00,   2.14373289e-02,
        -7.24507957e-01,   2.27947614e-01,  -1.56961164e+00,
         6.32121748e-01,   6.38036513e-01,   1.10528282e+00,
         1.54146507e-01,  -1.17925016e+00,  -9.43376861e-02,
         4.35703805e-01,   8.85108514e-01,  -2.19616417e-01,
        -1.46129510e-01,  -7.10864625e-01,  -2.89713889e-01,
         2.16069004e-01,   5.01464582e-01,   6.80370398e-01,
         8.22251207e-01,   7.66106948e-01,   1.60783046e+00,
        -3.53826350e-01,  -9.60431256e-01,   9.73098627e-01,
        -1.59960224e+00]), array([-0.28534809,  0.71546986,  1.02801793,  0.93313637, -0.41565674,
        0.51638426, -0.65879434,  0.42719752, -0.54816666,  0.76332851,
        0.01939446, -0.33977119, -0.16123509,  0.44082556,  1.01860014,
        0.66966551, -0.40506705,  0.16407557, -0.33917394,  1.26219274,
        0.17325425, -0.6026725 ,  0.16597577,  0.85632938, -0.08662955,
       -1.19239993, -0.69209882, -1.27705199, -0.66469096, -0.38482426,
        0.90234578,  0.48045005, -0.69380405,  1.11619084, -1.15393552,
        0.29991229,  0.02531549, -0.79525726,  0.41177551,  0.91609433,
        1.83477377,  0.47803179,  0.17224456, -0.45984654, -0.18229233,
       -0.53100637, -0.05509842,  0.07420587, -0.15151464, -0.09850125,
       -0.96704278, -0.21521474,  0.61374546, -0.00487663, -0.01203414,
        0.70708047,  0.30534762,  0.05009909, -0.83497631,  0.31398789,
        0.43068962,  0.96700375,  0.20399174,  1.34286369, -0.2893472 ,
       -1.06908878, -0.37039067, -0.2578297 , -0.29032675,  0.01629008,
       -0.29877651, -0.30712556, -1.01373409,  1.45577614,  0.0292002 ,
       -0.72821973,  0.23150981, -1.5986776 ,  0.6630903 ,  0.657375  ,
        1.13960223,  0.18780795, -1.20230178, -0.06760242,  0.42160072,
        0.89336428, -0.22582578, -0.16254827, -0.75115218, -0.26889658,
        0.21330505,  0.51467916,  0.72001525,  0.80324448,  0.77361432,
        1.65083513, -0.34239744, -0.96934351,  1.00197391, -1.62471988]), array([-0.31068478,  0.73216065,  1.04077918,  0.95279591, -0.41725797,
        0.55295165, -0.66777712,  0.42541167, -0.55010195,  0.77505147,
        0.01480477, -0.34712466, -0.14573813,  0.48443259,  1.01719186,
        0.67930548, -0.44537655,  0.16471755, -0.33558265,  1.2734632 ,
        0.17958901, -0.60238894,  0.16931758,  0.89248437, -0.08225491,
       -1.20668302, -0.72912201, -1.31644825, -0.67406026, -0.36853911,
        0.91301072,  0.47204314, -0.70747799,  1.13423177, -1.20038087,
        0.32138384, -0.01653515, -0.80069902,  0.39537159,  0.92852419,
        1.88202729,  0.47174165,  0.16172103, -0.45797851, -0.17381079,
       -0.5208417 , -0.08136238,  0.12210185, -0.14903464, -0.11459331,
       -1.00892965, -0.23956559,  0.62315592, -0.02576732, -0.02514088,
        0.7295856 ,  0.33319233,  0.04771421, -0.83690959,  0.29216512,
        0.42861833,  0.97563125,  0.19541568,  1.34856797, -0.30336637,
       -1.09295209, -0.36878201, -0.22797221, -0.30364138, -0.00671322,
       -0.28909214, -0.2875156 , -1.03129202,  1.49438483,  0.03696308,
       -0.73193151,  0.235072  , -1.62774356,  0.69405886,  0.67671348,
        1.17392165,  0.2214694 , -1.2253534 , -0.04086716,  0.40749764,
        0.90162006, -0.23203514, -0.17896702, -0.79143973, -0.24807927,
        0.21054109,  0.52789374,  0.75966011,  0.78423776,  0.78112168,
        1.6938398 , -0.33096852, -0.97825576,  1.0308492 , -1.64983753]), array([-0.33602147,  0.74885144,  1.05354043,  0.97245544, -0.41885919,
        0.58951904, -0.6767599 ,  0.42362583, -0.55203724,  0.78677442,
        0.01021509, -0.35447813, -0.13024117,  0.52803962,  1.01578358,
        0.68894545, -0.48568606,  0.16535952, -0.33199136,  1.28473366,
        0.18592376, -0.60210539,  0.17265939,  0.92863936, -0.07788026,
       -1.2209661 , -0.7661452 , -1.35584452, -0.68342956, -0.35225396,
        0.92367566,  0.46363622, -0.72115193,  1.15227271, -1.24682623,
        0.34285539, -0.0583858 , -0.80614078,  0.37896766,  0.94095404,
        1.92928081,  0.4654515 ,  0.15119751, -0.45611048, -0.16532926,
       -0.51067703, -0.10762634,  0.16999783, -0.14655464, -0.13068538,
       -1.05081653, -0.26391644,  0.63256639, -0.04665801, -0.03824763,
        0.75209073,  0.36103703,  0.04532933, -0.83884287,  0.27034234,
        0.42654703,  0.98425875,  0.18683963,  1.35427226, -0.31738555,
       -1.1168154 , -0.36717335, -0.19811472, -0.31695601, -0.02971651,
       -0.27940777, -0.26790565, -1.04884996,  1.53299353,  0.04472596,
       -0.73564329,  0.23863419, -1.65680951,  0.72502741,  0.69605197,
        1.20824106,  0.25513084, -1.24840501, -0.01413189,  0.39339456,
        0.90987583, -0.23824451, -0.19538578, -0.83172728, -0.22726196,
        0.20777714,  0.54110832,  0.79930497,  0.76523103,  0.78862905,
        1.73684448, -0.31953961, -0.98716801,  1.05972448, -1.67495518]), array([-0.36135816,  0.76554223,  1.06630167,  0.99211497, -0.42046041,
        0.62608643, -0.68574268,  0.42183998, -0.55397253,  0.79849738,
        0.0056254 , -0.3618316 , -0.11474421,  0.57164665,  1.0143753 ,
        0.69858542, -0.52599557,  0.1660015 , -0.32840007,  1.29600412,
        0.19225851, -0.60182183,  0.1760012 ,  0.96479435, -0.07350562,
       -1.23524918, -0.80316839, -1.39524078, -0.69279887, -0.33596881,
        0.9343406 ,  0.4552293 , -0.73482587,  1.17031364, -1.29327159,
        0.36432694, -0.10023644, -0.81158254,  0.36256373,  0.9533839 ,
        1.97653434,  0.45916135,  0.14067399, -0.45424245, -0.15684773,
       -0.50051237, -0.13389031,  0.21789381, -0.14407464, -0.14677744,
       -1.0927034 , -0.28826729,  0.64197685, -0.0675487 , -0.05135438,
        0.77459586,  0.38888174,  0.04294445, -0.84077615,  0.24851957,
        0.42447574,  0.99288624,  0.17826357,  1.35997654, -0.33140473,
       -1.14067871, -0.36556469, -0.16825723, -0.33027064, -0.05271981,
       -0.2697234 , -0.2482957 , -1.0664079 ,  1.57160223,  0.05248883,
       -0.73935506,  0.24219638, -1.68587547,  0.75599597,  0.71539046,
        1.24256047,  0.28879229, -1.27145663,  0.01260337,  0.37929148,
        0.9181316 , -0.24445387, -0.21180453, -0.87201484, -0.20644466,
        0.20501318,  0.5543229 ,  0.83894982,  0.74622431,  0.79613642,
        1.77984915, -0.3081107 , -0.99608026,  1.08859977, -1.70007283]), array([ -3.86694846e-01,   7.82233025e-01,   1.07906292e+00,
         1.01177450e+00,  -4.22061630e-01,   6.62653821e-01,
        -6.94725454e-01,   4.20054140e-01,  -5.55907815e-01,
         8.10220335e-01,   1.03571568e-03,  -3.69185077e-01,
        -9.92472458e-02,   6.15253676e-01,   1.01296702e+00,
         7.08225387e-01,  -5.66305078e-01,   1.66643477e-01,
        -3.24808776e-01,   1.30727458e+00,   1.98593268e-01,
        -6.01538272e-01,   1.79343005e-01,   1.00094934e+00,
        -6.91309777e-02,  -1.24953226e+00,  -8.40191584e-01,
        -1.43463704e+00,  -7.02168170e-01,  -3.19683661e-01,
         9.45005546e-01,   4.46822380e-01,  -7.48499814e-01,
         1.18835458e+00,  -1.33971695e+00,   3.85798491e-01,
        -1.42087090e-01,  -8.17024301e-01,   3.46159805e-01,
         9.65813753e-01,   2.02378786e+00,   4.52871206e-01,
         1.30150473e-01,  -4.52374425e-01,  -1.48366192e-01,
        -4.90347698e-01,  -1.60154269e-01,   2.65789792e-01,
        -1.41594643e-01,  -1.62869503e-01,  -1.13459027e+00,
        -3.12618142e-01,   6.51387316e-01,  -8.84393929e-02,
        -6.44611291e-02,   7.97100994e-01,   4.16726443e-01,
         4.05595702e-02,  -8.42709431e-01,   2.26696799e-01,
         4.22404449e-01,   1.00151374e+00,   1.69687512e-01,
         1.36568083e+00,  -3.45423909e-01,  -1.16454202e+00,
        -3.63956030e-01,  -1.38399741e-01,  -3.43585267e-01,
        -7.57231043e-02,  -2.60039028e-01,  -2.28685747e-01,
        -1.08396583e+00,   1.61021093e+00,   6.02517062e-02,
        -7.43066838e-01,   2.45758576e-01,  -1.71494143e+00,
         7.86964525e-01,   7.34728942e-01,   1.27687988e+00,
         3.22453733e-01,  -1.29450825e+00,   3.93386386e-02,
         3.65188404e-01,   9.26387368e-01,  -2.50663237e-01,
        -2.28223287e-01,  -9.12302390e-01,  -1.85627347e-01,
         2.02249227e-01,   5.67537474e-01,   8.78594678e-01,
         7.27217586e-01,   8.03643788e-01,   1.82285383e+00,
        -2.96681785e-01,  -1.00499250e+00,   1.11747505e+00,
        -1.72519047e+00]), array([-0.41203154,  0.79892382,  1.09182417,  1.03143403, -0.42366285,
        0.69922121, -0.70370823,  0.41826829, -0.5578431 ,  0.82194329,
       -0.00355397, -0.37653855, -0.08375028,  0.6588607 ,  1.01155873,
        0.71786536, -0.60661459,  0.16728545, -0.32121748,  1.31854504,
        0.20492802, -0.60125472,  0.18268481,  1.03710432, -0.06475634,
       -1.26381534, -0.87721478, -1.4740333 , -0.71153747, -0.30339851,
        0.95567049,  0.43841546, -0.76217376,  1.20639551, -1.38616231,
        0.40727004, -0.18393774, -0.82246606,  0.32975588,  0.97824361,
        2.07104139,  0.44658106,  0.11962695, -0.4505064 , -0.13988466,
       -0.48018303, -0.18641823,  0.31368577, -0.13911464, -0.17896157,
       -1.17647715, -0.33696899,  0.66079778, -0.10933008, -0.07756788,
        0.81960613,  0.44457115,  0.03817469, -0.84464271,  0.20487403,
        0.42033316,  1.01014124,  0.16111146,  1.37138511, -0.35944309,
       -1.18840533, -0.36234737, -0.10854225, -0.3568999 , -0.0987264 ,
       -0.25035466, -0.20907579, -1.10152377,  1.64881963,  0.06801458,
       -0.74677861,  0.24932077, -1.74400739,  0.81793308,  0.75406743,
        1.3111993 ,  0.35611518, -1.31755987,  0.0660739 ,  0.35108532,
        0.93464314, -0.2568726 , -0.24464204, -0.95258994, -0.16481004,
        0.19948527,  0.58075205,  0.91823953,  0.70821086,  0.81115116,
        1.8658585 , -0.28525287, -1.01390475,  1.14635033, -1.75030812])]
