[array([ 0.16385729, -0.80937435, -0.60210437,  0.91890783, -0.31774227,
       -0.95710036, -0.51157108,  0.79272136, -0.89271651, -0.27565711,
        0.65412339,  0.54519151,  0.36173763, -0.85954134,  0.77708545,
       -0.18658615,  0.4336157 ,  0.83688577,  0.76109465, -0.74178159,
       -0.62036055,  0.27291621, -0.87920073,  0.70200047,  0.56724107,
       -0.2052655 ,  0.13582865,  0.20539848, -0.71703812,  0.75053211,
       -0.27583812,  0.10129327,  0.14431817, -0.59976981, -0.35403111,
       -0.33263141, -0.44071475,  0.54892477, -0.9674106 ,  0.49878359,
        0.31248022, -0.42075981,  0.36881254,  0.36630999,  0.47360986,
        0.36564791,  0.37897675, -0.08848457,  0.5317989 ,  0.76793492,
        0.29316872, -0.68537288,  0.1439554 ,  0.53857881,  0.87642384,
       -0.76166853,  0.27769869, -0.90142402, -0.81218969,  0.79428131,
       -0.28107591,  0.86392319,  0.12372527,  0.0864986 , -0.79131454,
       -0.60741888,  0.692227  , -0.53050731,  0.58691781,  0.20445591,
        0.8226229 , -0.31057206, -0.76656311,  0.78156884, -0.86192073,
       -0.30627881, -0.47032752, -0.67844638, -0.75979642, -0.74956219,
       -0.60324756, -0.92032496,  0.99384692, -0.77076644, -0.61736492,
       -0.92659351,  0.88985628, -0.69032192, -0.67897615,  0.73621717,
        0.64095084, -0.50928745,  0.71279944, -0.31204057,  0.39022166,
        0.65363172, -0.68456069, -0.03650747,  0.98141755, -0.97638311]), array([ 0.19491865, -0.77820235, -0.60223739,  0.89782408, -0.31892528,
       -0.94264132, -0.51544853,  0.78900139, -0.90549155, -0.28577138,
        0.64250242,  0.55058946,  0.36312325, -0.84960538,  0.76307641,
       -0.182807  ,  0.43595879,  0.81580075,  0.73962019, -0.72643421,
       -0.61707167,  0.28166859, -0.87306079,  0.72786731,  0.59013493,
       -0.20595822,  0.15642883,  0.17908481, -0.73904498,  0.74982102,
       -0.30067487,  0.10321355,  0.14437354, -0.62753342, -0.32732332,
       -0.32905038, -0.42266468,  0.54447538, -0.93840548,  0.52099726,
        0.32565236, -0.45861542,  0.36006689,  0.38932281,  0.45893056,
        0.35532701,  0.39200312, -0.08176597,  0.52837458,  0.75179632,
        0.28544701, -0.68761391,  0.17974353,  0.51318341,  0.86116971,
       -0.78648092,  0.26165774, -0.89507677, -0.83014178,  0.78336887,
       -0.27342229,  0.83002999,  0.1635443 ,  0.11368796, -0.78519559,
       -0.61692181,  0.68851605, -0.55431077,  0.59495805,  0.20758678,
        0.84022775, -0.29343948, -0.74284178,  0.77788919, -0.86901788,
       -0.31679771, -0.45827487, -0.6895861 , -0.76667701, -0.73793263,
       -0.5976537 , -0.91244616,  0.9704429 , -0.76616652, -0.59136925,
       -0.92085371,  0.89275897, -0.69229128, -0.68386863,  0.74453264,
        0.65493015, -0.5137151 ,  0.71003849, -0.27904512,  0.38323024,
        0.66994097, -0.67278516, -0.00377915,  1.01599691, -0.96442822]), array([ 0.22598   , -0.74703034, -0.60237041,  0.87674034, -0.32010829,
       -0.92818228, -0.51932599,  0.78528143, -0.91826658, -0.29588566,
        0.63088145,  0.55598741,  0.36450887, -0.83966941,  0.74906738,
       -0.17902785,  0.43830189,  0.79471574,  0.71814574, -0.71108683,
       -0.61378279,  0.29042098, -0.86692085,  0.75373416,  0.61302878,
       -0.20665093,  0.17702902,  0.15277115, -0.76105185,  0.74910993,
       -0.32551162,  0.10513384,  0.14442891, -0.65529703, -0.30061552,
       -0.32546935, -0.40461461,  0.540026  , -0.90940036,  0.54321093,
        0.33882449, -0.49647103,  0.35132124,  0.41233564,  0.44425125,
        0.3450061 ,  0.40502949, -0.07504737,  0.52495025,  0.73565772,
        0.2777253 , -0.68985495,  0.21553166,  0.487788  ,  0.84591558,
       -0.8112933 ,  0.2456168 , -0.88872952, -0.84809388,  0.77245644,
       -0.26576867,  0.79613678,  0.20336334,  0.14087733, -0.77907664,
       -0.62642474,  0.68480509, -0.57811423,  0.60299829,  0.21071765,
        0.8578326 , -0.27630689, -0.71912046,  0.77420954, -0.87611503,
       -0.3273166 , -0.44622222, -0.70072583, -0.77355759, -0.72630307,
       -0.59205983, -0.90456736,  0.94703889, -0.7615666 , -0.56537359,
       -0.91511391,  0.89566165, -0.69426065, -0.68876112,  0.75284812,
        0.66890946, -0.51814275,  0.70727754, -0.24604966,  0.37623881,
        0.68625022, -0.66100964,  0.02894916,  1.05057628, -0.95247333]), array([ 0.25704136, -0.71585834, -0.60250343,  0.8556566 , -0.3212913 ,
       -0.91372324, -0.52320345,  0.78156147, -0.93104162, -0.30599994,
        0.61926048,  0.56138536,  0.36589449, -0.82973345,  0.73505835,
       -0.1752487 ,  0.44064498,  0.77363073,  0.69667128, -0.69573945,
       -0.61049391,  0.29917336, -0.86078091,  0.779601  ,  0.63592263,
       -0.20734364,  0.19762921,  0.12645749, -0.78305872,  0.74839884,
       -0.35034836,  0.10705412,  0.14448429, -0.68306063, -0.27390773,
       -0.32188832, -0.38656453,  0.53557661, -0.88039525,  0.5654246 ,
        0.35199662, -0.53432664,  0.3425756 ,  0.43534846,  0.42957195,
        0.3346852 ,  0.41805586, -0.06832877,  0.52152593,  0.71951912,
        0.2700036 , -0.69209598,  0.25131978,  0.4623926 ,  0.83066145,
       -0.83610568,  0.22957585, -0.88238226, -0.86604597,  0.761544  ,
       -0.25811505,  0.76224357,  0.24318237,  0.1680667 , -0.77295769,
       -0.63592767,  0.68109414, -0.60191769,  0.61103854,  0.21384852,
        0.87543746, -0.25917431, -0.69539913,  0.7705299 , -0.88321218,
       -0.3378355 , -0.43416956, -0.71186556, -0.78043817, -0.71467351,
       -0.58646597, -0.89668856,  0.92363487, -0.75696668, -0.53937792,
       -0.90937411,  0.89856434, -0.69623001, -0.6936536 ,  0.76116359,
        0.68288877, -0.52257041,  0.70451659, -0.21305421,  0.36924739,
        0.70255947, -0.64923411,  0.06167748,  1.08515564, -0.94051844]), array([ 0.28810272, -0.68468634, -0.60263645,  0.83457286, -0.32247431,
       -0.8992642 , -0.5270809 ,  0.7778415 , -0.94381666, -0.31611422,
        0.60763952,  0.56678331,  0.36728011, -0.81979748,  0.72104931,
       -0.17146955,  0.44298808,  0.75254571,  0.67519683, -0.68039207,
       -0.60720503,  0.30792575, -0.85464097,  0.80546784,  0.65881648,
       -0.20803635,  0.21822939,  0.10014383, -0.80506559,  0.74768775,
       -0.37518511,  0.10897441,  0.14453966, -0.71082424, -0.24719994,
       -0.31830729, -0.36851446,  0.53112723, -0.85139013,  0.58763826,
        0.36516875, -0.57218225,  0.33382995,  0.45836129,  0.41489265,
        0.32436429,  0.43108224, -0.06161017,  0.51810161,  0.70338052,
        0.26228189, -0.69433701,  0.28710791,  0.4369972 ,  0.81540732,
       -0.86091806,  0.2135349 , -0.87603501, -0.88399806,  0.75063157,
       -0.25046143,  0.72835036,  0.28300141,  0.19525606, -0.76683874,
       -0.6454306 ,  0.67738319, -0.62572115,  0.61907878,  0.2169794 ,
        0.89304231, -0.24204172, -0.67167781,  0.76685025, -0.89030933,
       -0.34835439, -0.42211691, -0.72300528, -0.78731875, -0.70304396,
       -0.5808721 , -0.88880976,  0.90023085, -0.75236676, -0.51338226,
       -0.90363431,  0.90146703, -0.69819938, -0.69854609,  0.76947907,
        0.69686808, -0.52699806,  0.70175564, -0.18005875,  0.36225597,
        0.71886871, -0.63745858,  0.0944058 ,  1.119735  , -0.92856355]), array([ 0.31916407, -0.65351434, -0.60276947,  0.81348912, -0.32365732,
       -0.88480516, -0.53095836,  0.77412154, -0.95659169, -0.3262285 ,
        0.59601855,  0.57218126,  0.36866574, -0.80986152,  0.70704028,
       -0.16769039,  0.44533117,  0.7314607 ,  0.65372237, -0.6650447 ,
       -0.60391615,  0.31667813, -0.84850103,  0.83133469,  0.68171033,
       -0.20872906,  0.23882958,  0.07383016, -0.82707245,  0.74697665,
       -0.40002186,  0.11089469,  0.14459503, -0.73858785, -0.22049214,
       -0.31472626, -0.35046438,  0.52667784, -0.82238502,  0.60985193,
        0.37834089, -0.61003786,  0.32508431,  0.48137411,  0.40021334,
        0.31404339,  0.44410861, -0.05489156,  0.51467728,  0.68724192,
        0.25456018, -0.69657804,  0.32289604,  0.41160179,  0.80015319,
       -0.88573044,  0.19749396, -0.86968775, -0.90195015,  0.73971914,
       -0.24280782,  0.69445716,  0.32282044,  0.22244543, -0.76071979,
       -0.65493353,  0.67367223, -0.64952461,  0.62711903,  0.22011027,
        0.91064716, -0.22490913, -0.64795648,  0.7631706 , -0.89740648,
       -0.35887329, -0.41006426, -0.73414501, -0.79419933, -0.6914144 ,
       -0.57527824, -0.88093095,  0.87682683, -0.74776684, -0.48738659,
       -0.89789452,  0.90436972, -0.70016875, -0.70343858,  0.77779454,
        0.71084739, -0.53142571,  0.69899468, -0.1470633 ,  0.35526454,
        0.73517796, -0.62568306,  0.12713411,  1.15431436, -0.91660866]), array([ 0.35022543, -0.62234234, -0.60290249,  0.79240538, -0.32484033,
       -0.87034613, -0.53483581,  0.77040158, -0.96936673, -0.33634278,
        0.58439758,  0.57757921,  0.37005136, -0.79992555,  0.69303125,
       -0.16391124,  0.44767427,  0.71037569,  0.63224792, -0.64969732,
       -0.60062727,  0.32543052, -0.8423611 ,  0.85720153,  0.70460418,
       -0.20942177,  0.25942976,  0.0475165 , -0.84907932,  0.74626556,
       -0.42485861,  0.11281498,  0.1446504 , -0.76635145, -0.19378435,
       -0.31114523, -0.33241431,  0.52222846, -0.7933799 ,  0.6320656 ,
        0.39151302, -0.64789347,  0.31633866,  0.50438694,  0.38553404,
        0.30372248,  0.45713498, -0.04817296,  0.51125296,  0.67110332,
        0.24683848, -0.69881907,  0.35868416,  0.38620639,  0.78489905,
       -0.91054283,  0.18145301, -0.8633405 , -0.91990224,  0.7288067 ,
       -0.2351542 ,  0.66056395,  0.36263948,  0.2496348 , -0.75460084,
       -0.66443646,  0.66996128, -0.67332807,  0.63515927,  0.22324114,
        0.92825201, -0.20777655, -0.62423516,  0.75949096, -0.90450363,
       -0.36939218, -0.39801161, -0.74528474, -0.80107991, -0.67978484,
       -0.56968437, -0.87305215,  0.85342281, -0.74316692, -0.46139093,
       -0.89215472,  0.90727241, -0.70213811, -0.70833106,  0.78611002,
        0.7248267 , -0.53585336,  0.69623373, -0.11406784,  0.34827312,
        0.75148721, -0.61390753,  0.15986243,  1.18889372, -0.90465377]), array([ 0.38128679, -0.59117034, -0.60303551,  0.77132163, -0.32602335,
       -0.85588709, -0.53871327,  0.76668161, -0.98214176, -0.34645706,
        0.57277661,  0.58297716,  0.37143698, -0.78998959,  0.67902221,
       -0.16013209,  0.45001736,  0.68929067,  0.61077346, -0.63434994,
       -0.59733839,  0.3341829 , -0.83622116,  0.88306838,  0.72749803,
       -0.21011448,  0.28002995,  0.02120284, -0.87108619,  0.74555447,
       -0.44969536,  0.11473526,  0.14470577, -0.79411506, -0.16707656,
       -0.3075642 , -0.31436423,  0.51777907, -0.76437478,  0.65427927,
        0.40468515, -0.68574908,  0.30759302,  0.52739977,  0.37085474,
        0.29340158,  0.47016135, -0.04145436,  0.50782863,  0.65496472,
        0.23911677, -0.70106011,  0.39447229,  0.36081098,  0.76964492,
       -0.93535521,  0.16541206, -0.85699325, -0.93785433,  0.71789427,
       -0.22750058,  0.62667074,  0.40245851,  0.27682416, -0.74848189,
       -0.67393939,  0.66625033, -0.69713153,  0.64319952,  0.22637201,
        0.94585687, -0.19064396, -0.60051383,  0.75581131, -0.91160078,
       -0.37991108, -0.38595896, -0.75642446, -0.80796049, -0.66815529,
       -0.56409051, -0.86517335,  0.83001879, -0.738567  , -0.43539526,
       -0.88641492,  0.91017509, -0.70410748, -0.71322355,  0.7944255 ,
        0.73880601, -0.54028101,  0.69347278, -0.08107239,  0.34128169,
        0.76779646, -0.60213201,  0.19259075,  1.22347309, -0.89269887]), array([ 0.41234814, -0.55999834, -0.60316853,  0.75023789, -0.32720636,
       -0.84142805, -0.54259073,  0.76296165, -0.9949168 , -0.35657133,
        0.56115564,  0.58837511,  0.3728226 , -0.78005362,  0.66501318,
       -0.15635294,  0.45236046,  0.66820566,  0.58929901, -0.61900256,
       -0.59404951,  0.34293529, -0.83008122,  0.90893522,  0.75039188,
       -0.21080719,  0.30063014, -0.00511083, -0.89309306,  0.74484338,
       -0.47453211,  0.11665555,  0.14476114, -0.82187867, -0.14036876,
       -0.30398317, -0.29631416,  0.51332969, -0.73536967,  0.67649294,
        0.41785728, -0.7236047 ,  0.29884737,  0.55041259,  0.35617543,
        0.28308067,  0.48318772, -0.03473576,  0.50440431,  0.63882612,
        0.23139506, -0.70330114,  0.43026042,  0.33541558,  0.75439079,
       -0.96016759,  0.14937111, -0.85064599, -0.95580642,  0.70698183,
       -0.21984696,  0.59277753,  0.44227755,  0.30401353, -0.74236294,
       -0.68344232,  0.66253937, -0.72093499,  0.65123976,  0.22950288,
        0.96346172, -0.17351137, -0.57679251,  0.75213166, -0.91869793,
       -0.39042997, -0.3739063 , -0.76756419, -0.81484107, -0.65652573,
       -0.55849665, -0.85729455,  0.80661478, -0.73396708, -0.4093996 ,
       -0.88067512,  0.91307778, -0.70607685, -0.71811603,  0.80274097,
        0.75278531, -0.54470866,  0.69071183, -0.04807694,  0.33429027,
        0.78410571, -0.59035648,  0.22531906,  1.25805245, -0.88074398]), array([ 0.4434095 , -0.52882634, -0.60330155,  0.72915415, -0.32838937,
       -0.82696901, -0.54646818,  0.75924168, -1.00769184, -0.36668561,
        0.54953467,  0.59377306,  0.37420822, -0.77011766,  0.65100414,
       -0.15257379,  0.45470355,  0.64712065,  0.56782455, -0.60365518,
       -0.59076063,  0.35168767, -0.82394128,  0.93480207,  0.77328574,
       -0.21149991,  0.32123032, -0.03142449, -0.91509992,  0.74413229,
       -0.49936886,  0.11857583,  0.14481652, -0.84964228, -0.11366097,
       -0.30040215, -0.27826408,  0.5088803 , -0.70636455,  0.69870661,
        0.43102942, -0.76146031,  0.29010172,  0.57342542,  0.34149613,
        0.27275977,  0.4962141 , -0.02801716,  0.50097999,  0.62268752,
        0.22367336, -0.70554217,  0.46604855,  0.31002018,  0.73913666,
       -0.98497997,  0.13333017, -0.84429874, -0.97375852,  0.6960694 ,
       -0.21219335,  0.55888433,  0.48209658,  0.3312029 , -0.73624399,
       -0.69294525,  0.65882842, -0.74473845,  0.65928   ,  0.23263376,
        0.98106657, -0.15637879, -0.55307118,  0.74845202, -0.92579507,
       -0.40094887, -0.36185365, -0.77870391, -0.82172166, -0.64489617,
       -0.55290278, -0.84941575,  0.78321076, -0.72936716, -0.38340393,
       -0.87493532,  0.91598047, -0.70804621, -0.72300852,  0.81105645,
        0.76676462, -0.54913632,  0.68795087, -0.01508148,  0.32729885,
        0.80041496, -0.57858095,  0.25804738,  1.29263181, -0.86878909]), array([ 0.47447086, -0.49765434, -0.60343456,  0.70807041, -0.32957238,
       -0.81250997, -0.55034564,  0.75552172, -1.02046687, -0.37679989,
        0.5379137 ,  0.59917101,  0.37559384, -0.76018169,  0.63699511,
       -0.14879464,  0.45704665,  0.62603564,  0.5463501 , -0.5883078 ,
       -0.58747175,  0.36044006, -0.81780134,  0.96066891,  0.79617959,
       -0.21219262,  0.34183051, -0.05773815, -0.93710679,  0.7434212 ,
       -0.52420561,  0.12049612,  0.14487189, -0.87740588, -0.08695318,
       -0.29682112, -0.26021401,  0.50443092, -0.67735944,  0.72092028,
        0.44420155, -0.79931592,  0.28135608,  0.59643824,  0.32681683,
        0.26243886,  0.50924047, -0.02129856,  0.49755566,  0.60654892,
        0.21595165, -0.7077832 ,  0.50183667,  0.28462477,  0.72388253,
       -1.00979235,  0.11728922, -0.83795148, -0.99171061,  0.68515697,
       -0.20453973,  0.52499112,  0.52191562,  0.35839227, -0.73012504,
       -0.70244818,  0.65511747, -0.76854191,  0.66732025,  0.23576463,
        0.99867142, -0.1392462 , -0.52934986,  0.74477237, -0.93289222,
       -0.41146776, -0.349801  , -0.78984364, -0.82860224, -0.63326662,
       -0.54730892, -0.84153695,  0.75980674, -0.72476724, -0.35740826,
       -0.86919552,  0.91888316, -0.71001558, -0.727901  ,  0.81937192,
        0.78074393, -0.55356397,  0.68518992,  0.01791397,  0.32030742,
        0.81672421, -0.56680543,  0.29077569,  1.32721117, -0.8568342 ]), array([ 0.50553222, -0.46648233, -0.60356758,  0.68698667, -0.33075539,
       -0.79805093, -0.5542231 ,  0.75180176, -1.03324191, -0.38691417,
        0.52629273,  0.60456895,  0.37697947, -0.75024573,  0.62298608,
       -0.14501548,  0.45938974,  0.60495062,  0.52487564, -0.57296043,
       -0.58418288,  0.36919244, -0.8116614 ,  0.98653575,  0.81907344,
       -0.21288533,  0.36243069, -0.08405181, -0.95911366,  0.7427101 ,
       -0.54904236,  0.1224164 ,  0.14492726, -0.90516949, -0.06024539,
       -0.29324009, -0.24216393,  0.49998153, -0.64835432,  0.74313394,
        0.45737368, -0.83717153,  0.27261043,  0.61945107,  0.31213752,
        0.25211796,  0.52226684, -0.01457995,  0.49413134,  0.59041032,
        0.20822994, -0.71002424,  0.5376248 ,  0.25922937,  0.7086284 ,
       -1.03460474,  0.10124827, -0.83160423, -1.0096627 ,  0.67424453,
       -0.19688611,  0.49109791,  0.56173465,  0.38558163, -0.7240061 ,
       -0.71195111,  0.65140651, -0.79234537,  0.67536049,  0.2388955 ,
        1.01627628, -0.12211361, -0.50562853,  0.74109272, -0.93998937,
       -0.42198666, -0.33774835, -0.80098337, -0.83548282, -0.62163706,
       -0.54171505, -0.83365815,  0.73640272, -0.72016732, -0.3314126 ,
       -0.86345572,  0.92178584, -0.71198494, -0.73279349,  0.8276874 ,
        0.79472324, -0.55799162,  0.68242897,  0.05090943,  0.313316  ,
        0.83303345, -0.5550299 ,  0.32350401,  1.36179054, -0.84487931]), array([ 0.53659357, -0.43531033, -0.6037006 ,  0.66590293, -0.3319384 ,
       -0.7835919 , -0.55810055,  0.74808179, -1.04601695, -0.39702845,
        0.51467176,  0.6099669 ,  0.37836509, -0.74030976,  0.60897704,
       -0.14123633,  0.46173283,  0.58386561,  0.50340119, -0.55761305,
       -0.580894  ,  0.37794483, -0.80552147,  1.0124026 ,  0.84196729,
       -0.21357804,  0.38303088, -0.11036548, -0.98112053,  0.74199901,
       -0.5738791 ,  0.12433669,  0.14498263, -0.9329331 , -0.03353759,
       -0.28965906, -0.22411386,  0.49553215, -0.6193492 ,  0.76534761,
        0.47054581, -0.87502714,  0.26386479,  0.64246389,  0.29745822,
        0.24179705,  0.53529321, -0.00786135,  0.49070702,  0.57427172,
        0.20050824, -0.71226527,  0.57341293,  0.23383397,  0.69337426,
       -1.05941712,  0.08520733, -0.82525697, -1.02761479,  0.6633321 ,
       -0.18923249,  0.4572047 ,  0.60155369,  0.412771  , -0.71788715,
       -0.72145405,  0.64769556, -0.81614883,  0.68340074,  0.24202637,
        1.03388113, -0.10498103, -0.4819072 ,  0.73741307, -0.94708652,
       -0.43250555, -0.32569569, -0.81212309, -0.8423634 , -0.6100075 ,
       -0.53612119, -0.82577934,  0.7129987 , -0.7155674 , -0.30541693,
       -0.85771592,  0.92468853, -0.71395431, -0.73768598,  0.83600287,
        0.80870255, -0.56241927,  0.67966802,  0.08390488,  0.30632457,
        0.8493427 , -0.54325438,  0.35623233,  1.3963699 , -0.83292442]), array([  5.67654930e-01,  -4.04138332e-01,  -6.03833622e-01,
         6.44819184e-01,  -3.33121414e-01,  -7.69132858e-01,
        -5.61978008e-01,   7.44361828e-01,  -1.05879198e+00,
        -4.07142727e-01,   5.03050795e-01,   6.15364853e-01,
         3.79750708e-01,  -7.30373796e-01,   5.94968008e-01,
        -1.37457181e-01,   4.64075929e-01,   5.62780596e-01,
         4.81926735e-01,  -5.42265670e-01,  -5.77605117e-01,
         3.86697212e-01,  -7.99381527e-01,   1.03826944e+00,
         8.64861141e-01,  -2.14270750e-01,   4.03631066e-01,
        -1.36679139e-01,  -1.00312740e+00,   7.41287920e-01,
        -5.98715853e-01,   1.26256973e-01,   1.45038003e-01,
        -9.60696705e-01,  -6.82979922e-03,  -2.86078031e-01,
        -2.06063786e-01,   4.91082764e-01,  -5.90344087e-01,
         7.87561281e-01,   4.83717946e-01,  -9.12882748e-01,
         2.55119141e-01,   6.65476718e-01,   2.82778917e-01,
         2.31476150e-01,   5.48319584e-01,  -1.14275136e-03,
         4.87282692e-01,   5.58133121e-01,   1.92786529e-01,
        -7.14506301e-01,   6.09201056e-01,   2.08438563e-01,
         6.78120133e-01,  -1.08422950e+00,   6.91663795e-02,
        -8.18909721e-01,  -1.04556688e+00,   6.52419664e-01,
        -1.81578877e-01,   4.23311497e-01,   6.41372720e-01,
         4.39960367e-01,  -7.11768196e-01,  -7.30956976e-01,
         6.43984606e-01,  -8.39952294e-01,   6.91440980e-01,
         2.45157245e-01,   1.05148598e+00,  -8.78484410e-02,
        -4.58185879e-01,   7.33733427e-01,  -9.54183673e-01,
        -4.43024450e-01,  -3.13643043e-01,  -8.23262819e-01,
        -8.49243981e-01,  -5.98377945e-01,  -5.30527324e-01,
        -8.17900542e-01,   6.89594683e-01,  -7.10967477e-01,
        -2.79421267e-01,  -8.51976122e-01,   9.27591219e-01,
        -7.15923677e-01,  -7.42578462e-01,   8.44318349e-01,
         8.22681863e-01,  -5.66846925e-01,   6.76907066e-01,
         1.16900339e-01,   2.99333149e-01,   8.65651951e-01,
        -5.31478849e-01,   3.88960643e-01,   1.43094926e+00,
        -8.20969524e-01]), array([ 0.59871629, -0.37296633, -0.60396664,  0.62373544, -0.33430443,
       -0.75467382, -0.56585546,  0.74064186, -1.07156702, -0.41725701,
        0.49142983,  0.6207628 ,  0.38113633, -0.72043783,  0.58095897,
       -0.13367803,  0.46641902,  0.54169558,  0.46045228, -0.52691829,
       -0.57431624,  0.3954496 , -0.79324159,  1.06413629,  0.88775499,
       -0.21496346,  0.42423125, -0.1629928 , -1.02513426,  0.74057683,
       -0.6235526 ,  0.12817726,  0.14509337, -0.98846031,  0.01987799,
       -0.282497  , -0.18801371,  0.48663338, -0.56133897,  0.80977495,
        0.49689008, -0.95073836,  0.2463735 ,  0.68848954,  0.26809961,
        0.22115525,  0.56134596,  0.00557585,  0.48385837,  0.54199452,
        0.18506482, -0.71674733,  0.64498918,  0.18304316,  0.662866  ,
       -1.10904188,  0.05312543, -0.81256247, -1.06351897,  0.64150723,
       -0.17392526,  0.38941829,  0.68119175,  0.46714973, -0.70564925,
       -0.74045991,  0.64027365, -0.86375575,  0.69948122,  0.24828812,
        1.06909083, -0.07071585, -0.43446455,  0.73005378, -0.96128082,
       -0.45354334, -0.30159039, -0.83440255, -0.85612456, -0.58674839,
       -0.52493346, -0.81002174,  0.66619066, -0.70636756, -0.2534256 ,
       -0.84623632,  0.93049391, -0.71789304, -0.74747095,  0.85263382,
        0.83666117, -0.57127458,  0.67414611,  0.14989579,  0.29234173,
        0.8819612 , -0.51970332,  0.42168896,  1.46552862, -0.80901463]), array([ 0.62977764, -0.34179433, -0.60409966,  0.6026517 , -0.33548744,
       -0.74021478, -0.56973292,  0.7369219 , -1.08434205, -0.42737128,
        0.47980886,  0.62616075,  0.38252195, -0.71050187,  0.56694994,
       -0.12989888,  0.46876212,  0.52061057,  0.43897782, -0.51157091,
       -0.57102736,  0.40420198, -0.78710165,  1.09000313,  0.91064884,
       -0.21565617,  0.44483144, -0.18930647, -1.04714113,  0.73986574,
       -0.64838935,  0.13009754,  0.14514875, -1.01622392,  0.04658579,
       -0.27891597, -0.16996364,  0.48218399, -0.53233385,  0.83198862,
        0.51006221, -0.98859397,  0.23762785,  0.71150237,  0.25342031,
        0.21083434,  0.57437233,  0.01229445,  0.48043404,  0.52585592,
        0.17734312, -0.71898837,  0.68077731,  0.15764776,  0.64761187,
       -1.13385426,  0.03708449, -0.80621521, -1.08147106,  0.6305948 ,
       -0.16627164,  0.35552508,  0.72101079,  0.4943391 , -0.6995303 ,
       -0.74996284,  0.6365627 , -0.88755921,  0.70752147,  0.25141899,
        1.08669569, -0.05358327, -0.41074323,  0.72637413, -0.96837797,
       -0.46406224, -0.28953774, -0.84554227, -0.86300514, -0.57511883,
       -0.5193396 , -0.80214294,  0.64278665, -0.70176764, -0.22742994,
       -0.84049652,  0.93339659, -0.71986241, -0.75236343,  0.8609493 ,
        0.85064048, -0.57570223,  0.67138516,  0.18289125,  0.2853503 ,
        0.89827045, -0.5079278 ,  0.45441728,  1.50010798, -0.79705974]), array([ 0.660839  , -0.31062233, -0.60423268,  0.58156796, -0.33667045,
       -0.72575574, -0.57361038,  0.73320194, -1.09711709, -0.43748556,
        0.46818789,  0.6315587 ,  0.38390757, -0.7005659 ,  0.55294091,
       -0.12611973,  0.47110521,  0.49952556,  0.41750337, -0.49622353,
       -0.56773848,  0.41295437, -0.78096171,  1.11586998,  0.93354269,
       -0.21634888,  0.46543162, -0.21562013, -1.069148  ,  0.73915464,
       -0.6732261 ,  0.13201783,  0.14520412, -1.04398753,  0.07329358,
       -0.27533494, -0.15191356,  0.47773461, -0.50332874,  0.85420229,
        0.52323434, -1.02644958,  0.2288822 ,  0.73451519,  0.23874101,
        0.20051344,  0.5873987 ,  0.01901305,  0.47700972,  0.50971732,
        0.16962141, -0.7212294 ,  0.71656544,  0.13225235,  0.63235774,
       -1.15866665,  0.02104354, -0.79986796, -1.09942316,  0.61968236,
       -0.15861802,  0.32163187,  0.76082982,  0.52152847, -0.69341135,
       -0.75946577,  0.63285175, -0.91136268,  0.71556171,  0.25454986,
        1.10430054, -0.03645068, -0.3870219 ,  0.72269449, -0.97547512,
       -0.47458113, -0.27748509, -0.856682  , -0.86988572, -0.56348927,
       -0.51374573, -0.79426414,  0.61938263, -0.69716771, -0.20143427,
       -0.83475672,  0.93629928, -0.72183178, -0.75725592,  0.86926478,
        0.86461979, -0.58012988,  0.66862421,  0.2158867 ,  0.27835888,
        0.9145797 , -0.49615227,  0.48714559,  1.53468735, -0.78510485]), array([ 0.69190036, -0.27945033, -0.6043657 ,  0.56048422, -0.33785346,
       -0.71129671, -0.57748783,  0.72948197, -1.10989213, -0.44759984,
        0.45656692,  0.63695665,  0.38529319, -0.69062994,  0.53893187,
       -0.12234057,  0.47344831,  0.47844054,  0.39602891, -0.48087616,
       -0.5644496 ,  0.42170675, -0.77482177,  1.14173682,  0.95643655,
       -0.2170416 ,  0.48603181, -0.24193379, -1.09115487,  0.73844355,
       -0.69806285,  0.13393811,  0.14525949, -1.07175113,  0.10000137,
       -0.27175392, -0.13386349,  0.47328522, -0.47432362,  0.87641595,
        0.53640648, -1.06430519,  0.22013656,  0.75752802,  0.2240617 ,
        0.19019253,  0.60042507,  0.02573166,  0.4735854 ,  0.49357872,
        0.1618997 , -0.72347043,  0.75235357,  0.10685695,  0.61710361,
       -1.18347903,  0.00500259, -0.7935207 , -1.11737525,  0.60876993,
       -0.15096441,  0.28773867,  0.80064886,  0.54871783, -0.6872924 ,
       -0.7689687 ,  0.62914079, -0.93516614,  0.72360196,  0.25768073,
        1.12190539, -0.0193181 , -0.36330058,  0.71901484, -0.98257227,
       -0.48510003, -0.26543243, -0.86782172, -0.87676631, -0.55185972,
       -0.50815187, -0.78638534,  0.59597861, -0.69256779, -0.1754386 ,
       -0.82901693,  0.93920197, -0.72380114, -0.76214841,  0.87758025,
        0.8785991 , -0.58455753,  0.66586326,  0.24888216,  0.27136745,
        0.93088894, -0.48437674,  0.51987391,  1.56926671, -0.77314996]), array([ 0.72296172, -0.24827833, -0.60449872,  0.53940048, -0.33903647,
       -0.69683767, -0.58136529,  0.72576201, -1.12266716, -0.45771412,
        0.44494595,  0.6423546 ,  0.38667882, -0.68069397,  0.52492284,
       -0.11856142,  0.4757914 ,  0.45735553,  0.37455446, -0.46552878,
       -0.56116072,  0.43045914, -0.76868183,  1.16760366,  0.9793304 ,
       -0.21773431,  0.506632  , -0.26824745, -1.11316173,  0.73773246,
       -0.7228996 ,  0.1358584 ,  0.14531486, -1.09951474,  0.12670917,
       -0.26817289, -0.11581341,  0.46883584, -0.44531851,  0.89862962,
        0.54957861, -1.1021608 ,  0.21139091,  0.78054084,  0.2093824 ,
        0.17987163,  0.61345144,  0.03245026,  0.47016107,  0.47744012,
        0.154178  , -0.72571146,  0.78814169,  0.08146155,  0.60184948,
       -1.20829141, -0.01103836, -0.78717345, -1.13532734,  0.59785749,
       -0.14331079,  0.25384546,  0.84046789,  0.5759072 , -0.68117345,
       -0.77847163,  0.62542984, -0.9589696 ,  0.7316422 ,  0.2608116 ,
        1.13951024, -0.00218551, -0.33957925,  0.71533519, -0.98966942,
       -0.49561892, -0.25337978, -0.87896145, -0.88364689, -0.54023016,
       -0.502558  , -0.77850654,  0.57257459, -0.68796787, -0.14944294,
       -0.82327713,  0.94210466, -0.72577051, -0.76704089,  0.88589573,
        0.89257841, -0.58898518,  0.6631023 ,  0.28187761,  0.26437603,
        0.94719819, -0.47260122,  0.55260222,  1.60384607, -0.76119507]), array([ 0.75402307, -0.21710632, -0.60463174,  0.51831673, -0.34021948,
       -0.68237863, -0.58524274,  0.72204204, -1.1354422 , -0.4678284 ,
        0.43332498,  0.64775255,  0.38806444, -0.67075801,  0.51091381,
       -0.11478227,  0.4781345 ,  0.43627052,  0.35308   , -0.4501814 ,
       -0.55787184,  0.43921152, -0.7625419 ,  1.19347051,  1.00222425,
       -0.21842702,  0.52723218, -0.29456112, -1.1351686 ,  0.73702137,
       -0.74773635,  0.13777868,  0.14537023, -1.12727835,  0.15341696,
       -0.26459186, -0.09776334,  0.46438645, -0.41631339,  0.92084329,
        0.56275074, -1.14001641,  0.20264527,  0.80355367,  0.1947031 ,
        0.16955072,  0.62647782,  0.03916886,  0.46673675,  0.46130152,
        0.14645629, -0.72795249,  0.82392982,  0.05606614,  0.58659534,
       -1.23310379, -0.0270793 , -0.7808262 , -1.15327943,  0.58694506,
       -0.13565717,  0.21995225,  0.88028693,  0.60309657, -0.6750545 ,
       -0.78797456,  0.62171888, -0.98277306,  0.73968245,  0.26394248,
        1.1571151 ,  0.01494708, -0.31585793,  0.71165554, -0.99676657,
       -0.50613782, -0.24132713, -0.89010118, -0.89052747, -0.5286006 ,
       -0.49696414, -0.77062773,  0.54917057, -0.68336795, -0.12344727,
       -0.81753733,  0.94500734, -0.72773987, -0.77193338,  0.8942112 ,
        0.90655772, -0.59341284,  0.66034135,  0.31487307,  0.2573846 ,
        0.96350744, -0.46082569,  0.58533054,  1.63842543, -0.74924017]), array([ 0.78508443, -0.18593432, -0.60476476,  0.49723299, -0.34140249,
       -0.66791959, -0.5891202 ,  0.71832208, -1.14821723, -0.47794268,
        0.42170401,  0.6531505 ,  0.38945006, -0.66082204,  0.49690477,
       -0.11100312,  0.48047759,  0.4151855 ,  0.33160555, -0.43483402,
       -0.55458296,  0.44796391, -0.75640196,  1.21933735,  1.0251181 ,
       -0.21911973,  0.54783237, -0.32087478, -1.15717547,  0.73631028,
       -0.7725731 ,  0.13969897,  0.14542561, -1.15504196,  0.18012475,
       -0.26101083, -0.07971326,  0.45993707, -0.38730827,  0.94305696,
        0.57592287, -1.17787202,  0.19389962,  0.8265665 ,  0.18002379,
        0.15922982,  0.63950419,  0.04588746,  0.46331242,  0.44516292,
        0.13873458, -0.73019353,  0.85971795,  0.03067074,  0.57134121,
       -1.25791617, -0.04312025, -0.77447894, -1.17123152,  0.57603263,
       -0.12800355,  0.18605904,  0.92010596,  0.63028594, -0.66893555,
       -0.79747749,  0.61800793, -1.00657652,  0.74772269,  0.26707335,
        1.17471995,  0.03207966, -0.2921366 ,  0.7079759 , -1.00386372,
       -0.51665671, -0.22927448, -0.9012409 , -0.89740805, -0.51697105,
       -0.49137027, -0.76274893,  0.52576655, -0.67876803, -0.09745161,
       -0.81179753,  0.94791003, -0.72970924, -0.77682586,  0.90252668,
        0.92053703, -0.59784049,  0.6575804 ,  0.34786852,  0.25039318,
        0.97981669, -0.44905017,  0.61805886,  1.67300479, -0.73728528]), array([ 0.81614579, -0.15476232, -0.60489778,  0.47614925, -0.3425855 ,
       -0.65346055, -0.59299766,  0.71460212, -1.16099227, -0.48805696,
        0.41008304,  0.65854845,  0.39083568, -0.65088608,  0.48289574,
       -0.10722397,  0.48282069,  0.39410049,  0.31013109, -0.41948664,
       -0.55129408,  0.45671629, -0.75026202,  1.2452042 ,  1.04801195,
       -0.21981244,  0.56843255, -0.34718844, -1.17918234,  0.73559919,
       -0.79740984,  0.14161925,  0.14548098, -1.18280556,  0.20683255,
       -0.2574298 , -0.06166319,  0.45548768, -0.35830316,  0.96527063,
        0.58909501, -1.21572763,  0.18515397,  0.84957932,  0.16534449,
        0.14890891,  0.65253056,  0.05260606,  0.4598881 ,  0.42902432,
        0.13101288, -0.73243456,  0.89550607,  0.00527533,  0.55608708,
       -1.28272856, -0.0591612 , -0.76813169, -1.18918361,  0.56512019,
       -0.12034994,  0.15216584,  0.959925  ,  0.6574753 , -0.6628166 ,
       -0.80698042,  0.61429698, -1.03037998,  0.75576293,  0.27020422,
        1.1923248 ,  0.04921225, -0.26841528,  0.70429625, -1.01096087,
       -0.52717561, -0.21722183, -0.91238063, -0.90428863, -0.50534149,
       -0.48577641, -0.75487013,  0.50236254, -0.67416811, -0.07145594,
       -0.80605773,  0.95081272, -0.73167861, -0.78171835,  0.91084215,
        0.93451634, -0.60226814,  0.65481945,  0.38086398,  0.24340176,
        0.99612594, -0.43727464,  0.65078717,  1.70758416, -0.72533039]), array([ 0.84720714, -0.12359032, -0.6050308 ,  0.45506551, -0.34376852,
       -0.63900151, -0.59687511,  0.71088215, -1.17376731, -0.49817123,
        0.39846207,  0.6639464 ,  0.3922213 , -0.64095011,  0.4688867 ,
       -0.10344482,  0.48516378,  0.37301548,  0.28865664, -0.40413926,
       -0.54800521,  0.46546868, -0.74412208,  1.27107104,  1.0709058 ,
       -0.22050515,  0.58903274, -0.3735021 , -1.2011892 ,  0.73488809,
       -0.82224659,  0.14353954,  0.14553635, -1.21056917,  0.23354034,
       -0.25384877, -0.04361312,  0.4510383 , -0.32929804,  0.9874843 ,
        0.60226714, -1.25358324,  0.17640833,  0.87259215,  0.15066519,
        0.13858801,  0.66555693,  0.05932466,  0.45646378,  0.41288572,
        0.12329117, -0.73467559,  0.9312942 , -0.02012007,  0.54083295,
       -1.30754094, -0.07520214, -0.76178443, -1.2071357 ,  0.55420776,
       -0.11269632,  0.11827263,  0.99974403,  0.68466467, -0.65669765,
       -0.81648335,  0.61058602, -1.05418344,  0.76380318,  0.27333509,
        1.20992965,  0.06634484, -0.24469395,  0.7006166 , -1.01805802,
       -0.5376945 , -0.20516917, -0.92352036, -0.91116921, -0.49371193,
       -0.48018254, -0.74699133,  0.47895852, -0.66956819, -0.04546028,
       -0.80031793,  0.95371541, -0.73364797, -0.78661083,  0.91915763,
        0.94849565, -0.60669579,  0.6520585 ,  0.41385943,  0.23641033,
        1.01243519, -0.42549911,  0.68351549,  1.74216352, -0.7133755 ]), array([ 0.8782685 , -0.09241832, -0.60516382,  0.43398177, -0.34495153,
       -0.62454248, -0.60075257,  0.70716219, -1.18654234, -0.50828551,
        0.38684111,  0.66934435,  0.39360692, -0.63101415,  0.45487767,
       -0.09966566,  0.48750687,  0.35193047,  0.26718218, -0.38879189,
       -0.54471633,  0.47422106, -0.73798214,  1.29693789,  1.09379965,
       -0.22119786,  0.60963293, -0.39981577, -1.22319607,  0.734177  ,
       -0.84708334,  0.14545982,  0.14559172, -1.23833278,  0.26024813,
       -0.25026774, -0.02556304,  0.44658891, -0.30029293,  1.00969797,
        0.61543927, -1.29143886,  0.16766268,  0.89560497,  0.13598588,
        0.1282671 ,  0.6785833 ,  0.06604327,  0.45303945,  0.39674712,
        0.11556946, -0.73691662,  0.96708233, -0.04551547,  0.52557882,
       -1.33235332, -0.09124309, -0.75543718, -1.2250878 ,  0.54329532,
       -0.1050427 ,  0.08437942,  1.03956307,  0.71185404, -0.6505787 ,
       -0.82598628,  0.60687507, -1.0779869 ,  0.77184342,  0.27646596,
        1.22753451,  0.08347742, -0.22097263,  0.69693696, -1.02515517,
       -0.5482134 , -0.19311652, -0.93466008, -0.91804979, -0.48208237,
       -0.47458868, -0.73911253,  0.4555545 , -0.66496827, -0.01946461,
       -0.79457813,  0.9566181 , -0.73561734, -0.79150332,  0.9274731 ,
        0.96247496, -0.61112344,  0.64929754,  0.44685489,  0.22941891,
        1.02874444, -0.41372359,  0.71624381,  1.77674288, -0.70142061])]
